Continent,Country,Province,Day,Total Detected,Active,Active Hospitalized,Cumulative Hospitalized,Total Detected Deaths,Active Ventilated
Africa,None,None,2020-03-18,116,116,17,17,0,4
Africa,None,None,2020-03-19,244,232,35,37,0,9
Africa,None,None,2020-03-20,373,343,53,56,0,13
Africa,None,None,2020-03-21,522,465,72,78,1,17
Africa,None,None,2020-03-22,706,614,96,106,1,23
Africa,None,None,2020-03-23,939,801,126,141,2,30
Africa,None,None,2020-03-24,1228,1030,162,184,3,38
Africa,None,None,2020-03-25,1578,1305,206,237,4,48
Africa,None,None,2020-03-26,2000,1631,259,300,6,61
Africa,None,None,2020-03-27,2498,2011,320,375,7,75
Africa,None,None,2020-03-28,3084,2451,392,463,10,91
Africa,None,None,2020-03-29,3767,2958,474,565,12,110
Africa,None,None,2020-03-30,4555,3535,568,683,15,131
Africa,None,None,2020-03-31,5458,4186,675,819,19,155
Africa,None,None,2020-04-01,6490,4921,796,974,24,182
Africa,None,None,2020-04-02,7663,5747,932,1149,29,212
Africa,None,None,2020-04-03,8981,6660,1083,1347,35,246
Africa,None,None,2020-04-04,10450,7662,1249,1567,43,283
Africa,None,None,2020-04-05,12082,8759,1432,1812,51,323
Africa,None,None,2020-04-06,13892,9960,1633,2084,60,367
Africa,None,None,2020-04-07,15879,11256,1850,2382,71,415
Africa,None,None,2020-04-08,18042,12640,2084,2706,83,466
Africa,None,None,2020-04-09,20386,14112,2333,3058,97,520
Africa,None,None,2020-04-10,22922,15678,2600,3438,112,577
Africa,None,None,2020-04-11,25651,17333,2882,3848,129,638
Africa,None,None,2020-04-12,28563,19061,3179,4284,147,701
Africa,None,None,2020-04-13,31652,20850,3488,4748,168,766
Africa,None,None,2020-04-14,34918,22697,3809,5238,190,833
Africa,None,None,2020-04-15,38366,24605,4142,5755,215,903
Africa,None,None,2020-04-16,41986,26562,4486,6298,241,974
Africa,None,None,2020-04-17,45761,28544,4836,6864,269,1046
Africa,None,None,2020-04-18,49677,30538,5192,7452,300,1118
Africa,None,None,2020-04-19,53728,32536,5551,8059,333,1191
Africa,None,None,2020-04-20,57914,34540,5913,8687,368,1263
Africa,None,None,2020-04-21,62224,36540,6278,9334,405,1335
Africa,None,None,2020-04-22,66635,38512,6640,9995,445,1406
Africa,None,None,2020-04-23,71127,40439,6999,10669,486,1475
Africa,None,None,2020-04-24,75687,42309,7351,11353,530,1542
Africa,None,None,2020-04-25,80307,44121,7695,12046,576,1607
Africa,None,None,2020-04-26,84984,45875,8033,12748,624,1670
Africa,None,None,2020-04-27,89700,47558,8361,13455,673,1729
Africa,None,None,2020-04-28,94432,49152,8677,14165,725,1786
Africa,None,None,2020-04-29,99163,50645,8978,14875,779,1838
Africa,None,None,2020-04-30,103881,52031,9263,15582,834,1887
Africa,None,None,2020-05-01,108575,53308,9532,16286,891,1931
Africa,None,None,2020-05-02,113242,54480,9785,16986,949,1972
Africa,None,None,2020-05-03,117871,55542,10021,17681,1009,2008
Africa,None,None,2020-05-04,122442,56484,10238,18366,1070,2040
Africa,None,None,2020-05-05,126946,57302,10435,19042,1133,2068
Africa,None,None,2020-05-06,131372,57995,10612,19706,1196,2090
Africa,None,None,2020-05-07,135713,58563,10768,20357,1260,2109
Africa,None,None,2020-05-08,139961,59007,10904,20994,1325,2122
Africa,None,None,2020-05-09,144111,59329,11019,21617,1391,2131
Africa,None,None,2020-05-10,148157,59531,11114,22224,1458,2136
Africa,None,None,2020-05-11,152089,59611,11187,22813,1524,2136
Africa,None,None,2020-05-12,155907,59577,11241,23386,1591,2132
Africa,None,None,2020-05-13,159611,59437,11275,23942,1659,2125
Africa,None,None,2020-05-14,163198,59195,11291,24480,1726,2113
Africa,None,None,2020-05-15,166662,58850,11288,24999,1793,2098
Africa,None,None,2020-05-16,169994,58402,11266,25499,1860,2080
Africa,None,None,2020-05-17,173189,57847,11225,25978,1927,2057
Africa,None,None,2020-05-18,176253,57201,11166,26438,1994,2031
Africa,None,None,2020-05-19,179198,56482,11093,26880,2060,2002
Africa,None,None,2020-05-20,182027,55699,11006,27304,2125,1972
Africa,None,None,2020-05-21,184740,54855,10906,27711,2190,1939
Africa,None,None,2020-05-22,187329,53947,10792,28099,2254,1904
Africa,None,None,2020-05-23,189782,52964,10664,28467,2317,1866
Africa,None,None,2020-05-24,192102,51912,10521,28815,2380,1826
Africa,None,None,2020-05-25,194307,50816,10369,29146,2441,1784
Africa,None,None,2020-05-26,196409,49690,10208,29461,2501,1742
Africa,None,None,2020-05-27,198411,48541,10040,29762,2561,1699
Africa,None,None,2020-05-28,200311,47368,9864,30047,2619,1655
Africa,None,None,2020-05-29,202100,46161,9681,30315,2676,1609
Africa,None,None,2020-05-30,203773,44916,9488,30566,2732,1563
Africa,None,None,2020-05-31,205350,43657,9290,30803,2786,1516
Africa,None,None,2020-06-01,206840,42393,9088,31026,2840,1469
Africa,None,None,2020-06-02,208247,41130,8883,31237,2892,1423
Africa,None,None,2020-06-03,209571,39867,8676,31436,2943,1376
Africa,None,None,2020-06-04,210809,38600,8465,31621,2992,1329
Africa,None,None,2020-06-05,211963,37331,8251,31795,3040,1283
Africa,None,None,2020-06-06,213045,36071,8037,31957,3087,1237
Africa,None,None,2020-06-07,214058,34825,7822,32109,3133,1191
Africa,None,None,2020-06-08,215008,33596,7607,32251,3177,1147
Africa,None,None,2020-06-09,215895,32384,7393,32384,3220,1103
Africa,None,None,2020-06-10,216719,31187,7180,32508,3261,1059
Africa,None,None,2020-06-11,217484,30007,6967,32623,3302,1016
Africa,None,None,2020-06-12,218196,28850,6756,32729,3341,975
Africa,None,None,2020-06-13,218859,27718,6548,32829,3378,934
Africa,None,None,2020-06-14,219477,26614,6342,32922,3415,894
Africa,None,None,2020-06-15,220051,25537,6140,33008,3450,856
Africa,None,None,2020-06-16,220582,24485,5940,33087,3484,818
Africa,None,None,2020-06-17,221070,23457,5743,33161,3517,782
Africa,None,None,2020-06-18,221522,22458,5549,33228,3549,746
Africa,None,None,2020-06-19,221941,21489,5360,33291,3579,712
Africa,None,None,2020-06-20,222330,20552,5174,33349,3609,678
Africa,None,None,2020-06-21,222689,19645,4993,33403,3637,646
Africa,None,None,2020-06-22,223021,18768,4816,33453,3664,616
Africa,None,None,2020-06-23,223324,17918,4643,33499,3690,586
Africa,None,None,2020-06-24,223602,17096,4473,33540,3716,557
Africa,None,None,2020-06-25,223858,16304,4309,33579,3740,529
Africa,None,None,2020-06-26,224095,15542,4149,33614,3763,503
Africa,None,None,2020-06-27,224313,14809,3993,33647,3786,477
Africa,None,None,2020-06-28,224514,14106,3842,33677,3807,453
Africa,None,None,2020-06-29,224697,13428,3695,33705,3828,429
Africa,None,None,2020-06-30,224864,12777,3552,33730,3847,407
Africa,None,None,2020-07-01,225016,12152,3414,33752,3866,386
Africa,None,None,2020-07-02,225157,11554,3280,33774,3884,365
Africa,None,None,2020-07-03,225286,10982,3151,33793,3902,345
Africa,None,None,2020-07-04,225404,10435,3026,33811,3918,327
Africa,None,None,2020-07-05,225511,9911,2905,33827,3934,309
Africa,None,None,2020-07-06,225609,9409,2788,33841,3950,292
Africa,None,None,2020-07-07,225698,8931,2675,33855,3964,276
Africa,None,None,2020-07-08,225779,8474,2566,33867,3978,261
Africa,None,None,2020-07-09,225853,8038,2460,33878,3991,246
Africa,None,None,2020-07-10,225921,7623,2359,33888,4004,232
Africa,None,None,2020-07-11,225983,7228,2261,33897,4016,219
Africa,None,None,2020-07-12,226039,6850,2167,33906,4028,207
Africa,None,None,2020-07-13,226089,6491,2077,33913,4039,195
Africa,None,None,2020-07-14,226135,6150,1990,33920,4050,184
Africa,None,None,2020-07-15,226177,5825,1906,33927,4060,173
Africa,None,None,2020-07-16,226215,5516,1825,33932,4070,163
Africa,None,None,2020-07-17,226250,5223,1748,33937,4079,153
Africa,None,None,2020-07-18,226281,4944,1673,33942,4088,144
Africa,None,None,2020-07-19,226309,4679,1602,33946,4096,136
Africa,None,None,2020-07-20,226335,4428,1533,33950,4104,128
Africa,None,None,2020-07-21,226358,4190,1467,33954,4112,120
Africa,None,None,2020-07-22,226379,3964,1404,33957,4119,113
Africa,None,None,2020-07-23,226398,3749,1343,33960,4126,106
Africa,None,None,2020-07-24,226415,3546,1285,33962,4133,100
Africa,None,None,2020-07-25,226430,3354,1229,33965,4139,94
Africa,None,None,2020-07-26,226444,3171,1176,33967,4145,88
Africa,None,None,2020-07-27,226457,2998,1124,33969,4151,83
Africa,None,None,2020-07-28,226468,2835,1075,33970,4157,78
Africa,None,None,2020-07-29,226479,2680,1028,33972,4162,73
Africa,None,None,2020-07-30,226488,2533,983,33973,4167,68
Africa,None,None,2020-07-31,226496,2395,940,33974,4172,64
Africa,None,None,2020-08-01,226503,2263,898,33976,4176,60
Africa,None,None,2020-08-02,226510,2139,859,33977,4180,56
Africa,None,None,2020-08-03,226516,2022,821,33977,4185,53
Africa,None,None,2020-08-04,226522,1911,784,33978,4188,50
Africa,None,None,2020-08-05,226527,1806,750,33979,4192,47
Africa,None,None,2020-08-06,226531,1706,716,33980,4196,44
Africa,None,None,2020-08-07,226535,1613,685,33980,4199,41
Africa,None,None,2020-08-08,226538,1524,654,33981,4202,38
Africa,None,None,2020-08-09,226541,1440,625,33981,4205,36
Africa,None,None,2020-08-10,226544,1361,597,33982,4208,34
Africa,None,None,2020-08-11,226547,1286,571,33982,4211,32
Africa,None,None,2020-08-12,226549,1216,545,33982,4214,30
Africa,None,None,2020-08-13,226551,1149,521,33983,4216,28
Africa,None,None,2020-08-14,226553,1086,497,33983,4219,26
Africa,None,None,2020-08-15,226555,1026,475,33983,4221,24
Africa,None,None,2020-08-16,226556,970,454,33983,4223,23
Africa,None,None,2020-08-17,226557,917,434,33984,4225,21
Africa,None,None,2020-08-18,226559,866,414,33984,4227,20
Africa,None,None,2020-08-19,226560,819,396,33984,4229,19
Africa,None,None,2020-08-20,226561,774,378,33984,4231,17
Africa,None,None,2020-08-21,226561,732,361,33984,4233,16
Africa,None,None,2020-08-22,226562,692,345,33984,4234,15
Africa,None,None,2020-08-23,226563,654,329,33984,4236,14
Africa,None,None,2020-08-24,226563,619,314,33984,4237,13
Africa,None,None,2020-08-25,226564,585,300,33985,4239,13
Africa,None,None,2020-08-26,226564,553,287,33985,4240,12
Africa,None,None,2020-08-27,226565,523,274,33985,4241,11
Africa,None,None,2020-08-28,226565,495,262,33985,4242,10
Africa,None,None,2020-08-29,226565,468,250,33985,4243,10
Africa,None,None,2020-08-30,226566,443,239,33985,4245,9
Africa,None,None,2020-08-31,226566,419,228,33985,4246,8
Africa,None,None,2020-09-01,226566,396,218,33985,4247,8
Africa,South Africa,None,2020-03-18,116,116,17,17,0,4
Africa,South Africa,None,2020-03-19,244,232,35,37,0,9
Africa,South Africa,None,2020-03-20,373,343,53,56,0,13
Africa,South Africa,None,2020-03-21,522,465,72,78,1,17
Africa,South Africa,None,2020-03-22,706,614,96,106,1,23
Africa,South Africa,None,2020-03-23,939,801,126,141,2,30
Africa,South Africa,None,2020-03-24,1228,1030,162,184,3,38
Africa,South Africa,None,2020-03-25,1578,1305,206,237,4,48
Africa,South Africa,None,2020-03-26,2000,1631,259,300,6,61
Africa,South Africa,None,2020-03-27,2498,2011,320,375,7,75
Africa,South Africa,None,2020-03-28,3084,2451,392,463,10,91
Africa,South Africa,None,2020-03-29,3767,2958,474,565,12,110
Africa,South Africa,None,2020-03-30,4555,3535,568,683,15,131
Africa,South Africa,None,2020-03-31,5458,4186,675,819,19,155
Africa,South Africa,None,2020-04-01,6490,4921,796,974,24,182
Africa,South Africa,None,2020-04-02,7663,5747,932,1149,29,212
Africa,South Africa,None,2020-04-03,8981,6660,1083,1347,35,246
Africa,South Africa,None,2020-04-04,10450,7662,1249,1567,43,283
Africa,South Africa,None,2020-04-05,12082,8759,1432,1812,51,323
Africa,South Africa,None,2020-04-06,13892,9960,1633,2084,60,367
Africa,South Africa,None,2020-04-07,15879,11256,1850,2382,71,415
Africa,South Africa,None,2020-04-08,18042,12640,2084,2706,83,466
Africa,South Africa,None,2020-04-09,20386,14112,2333,3058,97,520
Africa,South Africa,None,2020-04-10,22922,15678,2600,3438,112,577
Africa,South Africa,None,2020-04-11,25651,17333,2882,3848,129,638
Africa,South Africa,None,2020-04-12,28563,19061,3179,4284,147,701
Africa,South Africa,None,2020-04-13,31652,20850,3488,4748,168,766
Africa,South Africa,None,2020-04-14,34918,22697,3809,5238,190,833
Africa,South Africa,None,2020-04-15,38366,24605,4142,5755,215,903
Africa,South Africa,None,2020-04-16,41986,26562,4486,6298,241,974
Africa,South Africa,None,2020-04-17,45761,28544,4836,6864,269,1046
Africa,South Africa,None,2020-04-18,49677,30538,5192,7452,300,1118
Africa,South Africa,None,2020-04-19,53728,32536,5551,8059,333,1191
Africa,South Africa,None,2020-04-20,57914,34540,5913,8687,368,1263
Africa,South Africa,None,2020-04-21,62224,36540,6278,9334,405,1335
Africa,South Africa,None,2020-04-22,66635,38512,6640,9995,445,1406
Africa,South Africa,None,2020-04-23,71127,40439,6999,10669,486,1475
Africa,South Africa,None,2020-04-24,75687,42309,7351,11353,530,1542
Africa,South Africa,None,2020-04-25,80307,44121,7695,12046,576,1607
Africa,South Africa,None,2020-04-26,84984,45875,8033,12748,624,1670
Africa,South Africa,None,2020-04-27,89700,47558,8361,13455,673,1729
Africa,South Africa,None,2020-04-28,94432,49152,8677,14165,725,1786
Africa,South Africa,None,2020-04-29,99163,50645,8978,14875,779,1838
Africa,South Africa,None,2020-04-30,103881,52031,9263,15582,834,1887
Africa,South Africa,None,2020-05-01,108575,53308,9532,16286,891,1931
Africa,South Africa,None,2020-05-02,113242,54480,9785,16986,949,1972
Africa,South Africa,None,2020-05-03,117871,55542,10021,17681,1009,2008
Africa,South Africa,None,2020-05-04,122442,56484,10238,18366,1070,2040
Africa,South Africa,None,2020-05-05,126946,57302,10435,19042,1133,2068
Africa,South Africa,None,2020-05-06,131372,57995,10612,19706,1196,2090
Africa,South Africa,None,2020-05-07,135713,58563,10768,20357,1260,2109
Africa,South Africa,None,2020-05-08,139961,59007,10904,20994,1325,2122
Africa,South Africa,None,2020-05-09,144111,59329,11019,21617,1391,2131
Africa,South Africa,None,2020-05-10,148157,59531,11114,22224,1458,2136
Africa,South Africa,None,2020-05-11,152089,59611,11187,22813,1524,2136
Africa,South Africa,None,2020-05-12,155907,59577,11241,23386,1591,2132
Africa,South Africa,None,2020-05-13,159611,59437,11275,23942,1659,2125
Africa,South Africa,None,2020-05-14,163198,59195,11291,24480,1726,2113
Africa,South Africa,None,2020-05-15,166662,58850,11288,24999,1793,2098
Africa,South Africa,None,2020-05-16,169994,58402,11266,25499,1860,2080
Africa,South Africa,None,2020-05-17,173189,57847,11225,25978,1927,2057
Africa,South Africa,None,2020-05-18,176253,57201,11166,26438,1994,2031
Africa,South Africa,None,2020-05-19,179198,56482,11093,26880,2060,2002
Africa,South Africa,None,2020-05-20,182027,55699,11006,27304,2125,1972
Africa,South Africa,None,2020-05-21,184740,54855,10906,27711,2190,1939
Africa,South Africa,None,2020-05-22,187329,53947,10792,28099,2254,1904
Africa,South Africa,None,2020-05-23,189782,52964,10664,28467,2317,1866
Africa,South Africa,None,2020-05-24,192102,51912,10521,28815,2380,1826
Africa,South Africa,None,2020-05-25,194307,50816,10369,29146,2441,1784
Africa,South Africa,None,2020-05-26,196409,49690,10208,29461,2501,1742
Africa,South Africa,None,2020-05-27,198411,48541,10040,29762,2561,1699
Africa,South Africa,None,2020-05-28,200311,47368,9864,30047,2619,1655
Africa,South Africa,None,2020-05-29,202100,46161,9681,30315,2676,1609
Africa,South Africa,None,2020-05-30,203773,44916,9488,30566,2732,1563
Africa,South Africa,None,2020-05-31,205350,43657,9290,30803,2786,1516
Africa,South Africa,None,2020-06-01,206840,42393,9088,31026,2840,1469
Africa,South Africa,None,2020-06-02,208247,41130,8883,31237,2892,1423
Africa,South Africa,None,2020-06-03,209571,39867,8676,31436,2943,1376
Africa,South Africa,None,2020-06-04,210809,38600,8465,31621,2992,1329
Africa,South Africa,None,2020-06-05,211963,37331,8251,31795,3040,1283
Africa,South Africa,None,2020-06-06,213045,36071,8037,31957,3087,1237
Africa,South Africa,None,2020-06-07,214058,34825,7822,32109,3133,1191
Africa,South Africa,None,2020-06-08,215008,33596,7607,32251,3177,1147
Africa,South Africa,None,2020-06-09,215895,32384,7393,32384,3220,1103
Africa,South Africa,None,2020-06-10,216719,31187,7180,32508,3261,1059
Africa,South Africa,None,2020-06-11,217484,30007,6967,32623,3302,1016
Africa,South Africa,None,2020-06-12,218196,28850,6756,32729,3341,975
Africa,South Africa,None,2020-06-13,218859,27718,6548,32829,3378,934
Africa,South Africa,None,2020-06-14,219477,26614,6342,32922,3415,894
Africa,South Africa,None,2020-06-15,220051,25537,6140,33008,3450,856
Africa,South Africa,None,2020-06-16,220582,24485,5940,33087,3484,818
Africa,South Africa,None,2020-06-17,221070,23457,5743,33161,3517,782
Africa,South Africa,None,2020-06-18,221522,22458,5549,33228,3549,746
Africa,South Africa,None,2020-06-19,221941,21489,5360,33291,3579,712
Africa,South Africa,None,2020-06-20,222330,20552,5174,33349,3609,678
Africa,South Africa,None,2020-06-21,222689,19645,4993,33403,3637,646
Africa,South Africa,None,2020-06-22,223021,18768,4816,33453,3664,616
Africa,South Africa,None,2020-06-23,223324,17918,4643,33499,3690,586
Africa,South Africa,None,2020-06-24,223602,17096,4473,33540,3716,557
Africa,South Africa,None,2020-06-25,223858,16304,4309,33579,3740,529
Africa,South Africa,None,2020-06-26,224095,15542,4149,33614,3763,503
Africa,South Africa,None,2020-06-27,224313,14809,3993,33647,3786,477
Africa,South Africa,None,2020-06-28,224514,14106,3842,33677,3807,453
Africa,South Africa,None,2020-06-29,224697,13428,3695,33705,3828,429
Africa,South Africa,None,2020-06-30,224864,12777,3552,33730,3847,407
Africa,South Africa,None,2020-07-01,225016,12152,3414,33752,3866,386
Africa,South Africa,None,2020-07-02,225157,11554,3280,33774,3884,365
Africa,South Africa,None,2020-07-03,225286,10982,3151,33793,3902,345
Africa,South Africa,None,2020-07-04,225404,10435,3026,33811,3918,327
Africa,South Africa,None,2020-07-05,225511,9911,2905,33827,3934,309
Africa,South Africa,None,2020-07-06,225609,9409,2788,33841,3950,292
Africa,South Africa,None,2020-07-07,225698,8931,2675,33855,3964,276
Africa,South Africa,None,2020-07-08,225779,8474,2566,33867,3978,261
Africa,South Africa,None,2020-07-09,225853,8038,2460,33878,3991,246
Africa,South Africa,None,2020-07-10,225921,7623,2359,33888,4004,232
Africa,South Africa,None,2020-07-11,225983,7228,2261,33897,4016,219
Africa,South Africa,None,2020-07-12,226039,6850,2167,33906,4028,207
Africa,South Africa,None,2020-07-13,226089,6491,2077,33913,4039,195
Africa,South Africa,None,2020-07-14,226135,6150,1990,33920,4050,184
Africa,South Africa,None,2020-07-15,226177,5825,1906,33927,4060,173
Africa,South Africa,None,2020-07-16,226215,5516,1825,33932,4070,163
Africa,South Africa,None,2020-07-17,226250,5223,1748,33937,4079,153
Africa,South Africa,None,2020-07-18,226281,4944,1673,33942,4088,144
Africa,South Africa,None,2020-07-19,226309,4679,1602,33946,4096,136
Africa,South Africa,None,2020-07-20,226335,4428,1533,33950,4104,128
Africa,South Africa,None,2020-07-21,226358,4190,1467,33954,4112,120
Africa,South Africa,None,2020-07-22,226379,3964,1404,33957,4119,113
Africa,South Africa,None,2020-07-23,226398,3749,1343,33960,4126,106
Africa,South Africa,None,2020-07-24,226415,3546,1285,33962,4133,100
Africa,South Africa,None,2020-07-25,226430,3354,1229,33965,4139,94
Africa,South Africa,None,2020-07-26,226444,3171,1176,33967,4145,88
Africa,South Africa,None,2020-07-27,226457,2998,1124,33969,4151,83
Africa,South Africa,None,2020-07-28,226468,2835,1075,33970,4157,78
Africa,South Africa,None,2020-07-29,226479,2680,1028,33972,4162,73
Africa,South Africa,None,2020-07-30,226488,2533,983,33973,4167,68
Africa,South Africa,None,2020-07-31,226496,2395,940,33974,4172,64
Africa,South Africa,None,2020-08-01,226503,2263,898,33976,4176,60
Africa,South Africa,None,2020-08-02,226510,2139,859,33977,4180,56
Africa,South Africa,None,2020-08-03,226516,2022,821,33977,4185,53
Africa,South Africa,None,2020-08-04,226522,1911,784,33978,4188,50
Africa,South Africa,None,2020-08-05,226527,1806,750,33979,4192,47
Africa,South Africa,None,2020-08-06,226531,1706,716,33980,4196,44
Africa,South Africa,None,2020-08-07,226535,1613,685,33980,4199,41
Africa,South Africa,None,2020-08-08,226538,1524,654,33981,4202,38
Africa,South Africa,None,2020-08-09,226541,1440,625,33981,4205,36
Africa,South Africa,None,2020-08-10,226544,1361,597,33982,4208,34
Africa,South Africa,None,2020-08-11,226547,1286,571,33982,4211,32
Africa,South Africa,None,2020-08-12,226549,1216,545,33982,4214,30
Africa,South Africa,None,2020-08-13,226551,1149,521,33983,4216,28
Africa,South Africa,None,2020-08-14,226553,1086,497,33983,4219,26
Africa,South Africa,None,2020-08-15,226555,1026,475,33983,4221,24
Africa,South Africa,None,2020-08-16,226556,970,454,33983,4223,23
Africa,South Africa,None,2020-08-17,226557,917,434,33984,4225,21
Africa,South Africa,None,2020-08-18,226559,866,414,33984,4227,20
Africa,South Africa,None,2020-08-19,226560,819,396,33984,4229,19
Africa,South Africa,None,2020-08-20,226561,774,378,33984,4231,17
Africa,South Africa,None,2020-08-21,226561,732,361,33984,4233,16
Africa,South Africa,None,2020-08-22,226562,692,345,33984,4234,15
Africa,South Africa,None,2020-08-23,226563,654,329,33984,4236,14
Africa,South Africa,None,2020-08-24,226563,619,314,33984,4237,13
Africa,South Africa,None,2020-08-25,226564,585,300,33985,4239,13
Africa,South Africa,None,2020-08-26,226564,553,287,33985,4240,12
Africa,South Africa,None,2020-08-27,226565,523,274,33985,4241,11
Africa,South Africa,None,2020-08-28,226565,495,262,33985,4242,10
Africa,South Africa,None,2020-08-29,226565,468,250,33985,4243,10
Africa,South Africa,None,2020-08-30,226566,443,239,33985,4245,9
Africa,South Africa,None,2020-08-31,226566,419,228,33985,4246,8
Africa,South Africa,None,2020-09-01,226566,396,218,33985,4247,8
Asia,Japan,None,2020-02-21,112,100,15,15,2,4
Asia,Japan,None,2020-02-22,123,104,16,17,2,4
Asia,Japan,None,2020-02-23,133,108,17,18,3,4
Asia,Japan,None,2020-02-24,144,111,18,20,3,4
Asia,Japan,None,2020-02-25,157,117,19,22,3,4
Asia,Japan,None,2020-02-26,172,125,20,24,3,5
Asia,Japan,None,2020-02-27,191,135,22,27,4,5
Asia,Japan,None,2020-02-28,214,149,24,30,4,5
Asia,Japan,None,2020-02-29,241,166,27,34,4,6
Asia,Japan,None,2020-03-01,274,187,31,39,5,7
Asia,Japan,None,2020-03-02,312,212,35,45,5,8
Asia,Japan,None,2020-03-03,357,243,40,52,6,9
Asia,Japan,None,2020-03-04,410,279,46,60,7,10
Asia,Japan,None,2020-03-05,470,320,53,69,7,12
Asia,Japan,None,2020-03-06,540,367,60,79,8,14
Asia,Japan,None,2020-03-07,619,421,69,91,9,16
Asia,Japan,None,2020-03-08,710,482,79,105,10,18
Asia,Japan,None,2020-03-09,811,550,91,120,12,20
Asia,Japan,None,2020-03-10,924,625,103,137,13,23
Asia,Japan,None,2020-03-11,1050,708,117,156,15,26
Asia,Japan,None,2020-03-12,1190,799,132,177,17,29
Asia,Japan,None,2020-03-13,1343,898,149,200,19,33
Asia,Japan,None,2020-03-14,1510,1004,166,225,21,37
Asia,Japan,None,2020-03-15,1692,1117,186,252,24,41
Asia,Japan,None,2020-03-16,1890,1239,206,282,27,46
Asia,Japan,None,2020-03-17,2103,1367,228,314,31,50
Asia,Japan,None,2020-03-18,2331,1503,251,348,34,55
Asia,Japan,None,2020-03-19,2573,1643,275,384,38,60
Asia,Japan,None,2020-03-20,2831,1790,301,423,43,66
Asia,Japan,None,2020-03-21,3105,1943,327,464,48,71
Asia,Japan,None,2020-03-22,3393,2101,355,507,53,77
Asia,Japan,None,2020-03-23,3695,2262,383,552,59,83
Asia,Japan,None,2020-03-24,4010,2425,412,600,65,89
Asia,Japan,None,2020-03-25,4338,2591,441,649,71,95
Asia,Japan,None,2020-03-26,4679,2759,471,700,78,101
Asia,Japan,None,2020-03-27,5031,2929,501,753,86,107
Asia,Japan,None,2020-03-28,5395,3098,532,807,94,113
Asia,Japan,None,2020-03-29,5767,3265,562,863,102,119
Asia,Japan,None,2020-03-30,6147,3429,593,920,111,125
Asia,Japan,None,2020-03-31,6536,3591,623,979,120,131
Asia,Japan,None,2020-04-01,6932,3751,653,1038,130,137
Asia,Japan,None,2020-04-02,7335,3907,682,1098,140,142
Asia,Japan,None,2020-04-03,7741,4057,711,1159,151,148
Asia,Japan,None,2020-04-04,8151,4200,738,1221,162,153
Asia,Japan,None,2020-04-05,8562,4337,765,1283,173,158
Asia,Japan,None,2020-04-06,8975,4467,791,1345,185,162
Asia,Japan,None,2020-04-07,9390,4590,816,1407,198,166
Asia,Japan,None,2020-04-08,9805,4705,840,1469,210,171
Asia,Japan,None,2020-04-09,10217,4812,862,1531,223,174
Asia,Japan,None,2020-04-10,10627,4909,883,1592,236,178
Asia,Japan,None,2020-04-11,11032,4996,903,1653,250,181
Asia,Japan,None,2020-04-12,11434,5074,921,1713,264,183
Asia,Japan,None,2020-04-13,11831,5142,937,1773,278,186
Asia,Japan,None,2020-04-14,12223,5202,952,1832,292,188
Asia,Japan,None,2020-04-15,12608,5252,965,1889,307,189
Asia,Japan,None,2020-04-16,12986,5292,977,1946,321,190
Asia,Japan,None,2020-04-17,13356,5321,987,2002,336,191
Asia,Japan,None,2020-04-18,13717,5340,995,2056,351,192
Asia,Japan,None,2020-04-19,14070,5350,1002,2109,366,192
Asia,Japan,None,2020-04-20,14414,5351,1007,2160,381,192
Asia,Japan,None,2020-04-21,14749,5344,1010,2211,397,191
Asia,Japan,None,2020-04-22,15074,5327,1012,2259,412,190
Asia,Japan,None,2020-04-23,15389,5301,1012,2306,427,189
Asia,Japan,None,2020-04-24,15693,5268,1011,2352,442,188
Asia,Japan,None,2020-04-25,15988,5227,1008,2396,457,186
Asia,Japan,None,2020-04-26,16273,5179,1005,2439,472,184
Asia,Japan,None,2020-04-27,16548,5125,999,2480,487,182
Asia,Japan,None,2020-04-28,16812,5064,993,2520,502,180
Asia,Japan,None,2020-04-29,17065,4996,985,2558,517,177
Asia,Japan,None,2020-04-30,17307,4921,976,2594,532,174
Asia,Japan,None,2020-05-01,17539,4842,965,2629,546,171
Asia,Japan,None,2020-05-02,17762,4758,954,2662,560,168
Asia,Japan,None,2020-05-03,17974,4671,942,2694,574,164
Asia,Japan,None,2020-05-04,18178,4579,929,2725,588,161
Asia,Japan,None,2020-05-05,18371,4484,916,2754,602,157
Asia,Japan,None,2020-05-06,18555,4386,901,2781,615,154
Asia,Japan,None,2020-05-07,18729,4284,886,2808,628,150
Asia,Japan,None,2020-05-08,18895,4181,870,2832,641,146
Asia,Japan,None,2020-05-09,19053,4077,854,2856,654,142
Asia,Japan,None,2020-05-10,19202,3971,837,2878,666,138
Asia,Japan,None,2020-05-11,19343,3863,819,2900,678,134
Asia,Japan,None,2020-05-12,19476,3754,802,2920,690,130
Asia,Japan,None,2020-05-13,19601,3645,784,2938,702,126
Asia,Japan,None,2020-05-14,19720,3536,766,2956,713,122
Asia,Japan,None,2020-05-15,19832,3428,747,2973,724,118
Asia,Japan,None,2020-05-16,19938,3321,729,2989,735,114
Asia,Japan,None,2020-05-17,20037,3213,711,3004,745,110
Asia,Japan,None,2020-05-18,20129,3106,692,3018,755,107
Asia,Japan,None,2020-05-19,20216,3000,673,3031,765,103
Asia,Japan,None,2020-05-20,20297,2896,655,3043,775,99
Asia,Japan,None,2020-05-21,20374,2793,636,3054,784,95
Asia,Japan,None,2020-05-22,20446,2692,618,3065,793,92
Asia,Japan,None,2020-05-23,20513,2593,600,3075,802,88
Asia,Japan,None,2020-05-24,20576,2496,582,3085,810,84
Asia,Japan,None,2020-05-25,20634,2400,564,3093,818,81
Asia,Japan,None,2020-05-26,20688,2306,546,3101,826,78
Asia,Japan,None,2020-05-27,20739,2215,529,3109,834,74
Asia,Japan,None,2020-05-28,20786,2126,512,3116,841,71
Asia,Japan,None,2020-05-29,20830,2040,495,3123,849,68
Asia,Japan,None,2020-05-30,20871,1956,479,3129,855,65
Asia,Japan,None,2020-05-31,20908,1873,463,3134,862,62
Asia,Japan,None,2020-06-01,20943,1794,447,3140,868,59
Asia,Japan,None,2020-06-02,20976,1717,431,3145,875,57
Asia,Japan,None,2020-06-03,21006,1642,416,3149,881,54
Asia,Japan,None,2020-06-04,21034,1570,401,3153,886,52
Asia,Japan,None,2020-06-05,21060,1500,387,3157,892,49
Asia,Japan,None,2020-06-06,21083,1433,373,3161,897,47
Asia,Japan,None,2020-06-07,21105,1368,359,3164,902,44
Asia,Japan,None,2020-06-08,21126,1305,346,3167,907,42
Asia,Japan,None,2020-06-09,21144,1245,333,3170,912,40
Asia,Japan,None,2020-06-10,21162,1187,320,3172,916,38
Asia,Japan,None,2020-06-11,21178,1131,308,3175,920,36
Asia,Japan,None,2020-06-12,21192,1078,296,3177,925,34
Asia,Japan,None,2020-06-13,21206,1026,285,3179,929,33
Asia,Japan,None,2020-06-14,21218,977,274,3181,932,31
Asia,Japan,None,2020-06-15,21229,929,263,3183,936,29
Asia,Japan,None,2020-06-16,21240,884,253,3184,940,28
Asia,Japan,None,2020-06-17,21249,841,243,3186,943,26
Asia,Japan,None,2020-06-18,21258,799,233,3187,946,25
Asia,Japan,None,2020-06-19,21266,759,224,3188,949,24
Asia,Japan,None,2020-06-20,21274,721,215,3189,952,22
Asia,Japan,None,2020-06-21,21280,685,206,3190,955,21
Asia,Japan,None,2020-06-22,21286,651,197,3191,958,20
Asia,Japan,None,2020-06-23,21292,618,189,3192,960,19
Asia,Japan,None,2020-06-24,21297,586,181,3193,963,18
Asia,Japan,None,2020-06-25,21302,556,174,3194,965,17
Asia,Japan,None,2020-06-26,21306,527,167,3194,967,16
Asia,Japan,None,2020-06-27,21310,500,160,3195,969,15
Asia,Japan,None,2020-06-28,21314,474,153,3195,971,14
Asia,Japan,None,2020-06-29,21317,450,147,3196,973,13
Asia,Japan,None,2020-06-30,21320,426,140,3196,975,13
Asia,Japan,None,2020-07-01,21323,404,134,3197,977,12
Asia,Japan,None,2020-07-02,21325,383,129,3197,979,11
Asia,Japan,None,2020-07-03,21327,362,123,3197,980,11
Asia,Japan,None,2020-07-04,21329,343,118,3198,982,10
Asia,Japan,None,2020-07-05,21331,325,113,3198,983,9
Asia,Japan,None,2020-07-06,21333,308,108,3198,985,9
Asia,Japan,None,2020-07-07,21334,291,103,3198,986,8
Asia,Japan,None,2020-07-08,21336,276,99,3199,987,8
Asia,Japan,None,2020-07-09,21337,261,94,3199,989,7
Asia,Japan,None,2020-07-10,21338,247,90,3199,990,7
Asia,Japan,None,2020-07-11,21339,234,86,3199,991,7
Asia,Japan,None,2020-07-12,21340,221,83,3199,992,6
Asia,Japan,None,2020-07-13,21341,209,79,3199,993,6
Asia,Japan,None,2020-07-14,21342,198,76,3199,994,5
Asia,Japan,None,2020-07-15,21342,188,72,3200,995,5
Asia,Japan,None,2020-07-16,21343,177,69,3200,996,5
Asia,Japan,None,2020-07-17,21344,168,66,3200,997,4
Asia,Japan,None,2020-07-18,21344,159,63,3200,997,4
Asia,Japan,None,2020-07-19,21345,150,60,3200,998,4
Asia,Japan,None,2020-07-20,21345,142,58,3200,999,4
Asia,Japan,None,2020-07-21,21345,134,55,3200,1000,3
Asia,Japan,None,2020-07-22,21346,127,53,3200,1000,3
Asia,Japan,None,2020-07-23,21346,120,50,3200,1001,3
Asia,Japan,None,2020-07-24,21346,114,48,3200,1001,3
Asia,Japan,None,2020-07-25,21346,108,46,3200,1002,3
Asia,Japan,None,2020-07-26,21347,102,44,3200,1003,3
Asia,Japan,None,2020-07-27,21347,96,42,3200,1003,2
Asia,Japan,None,2020-07-28,21347,91,40,3200,1004,2
Asia,Japan,None,2020-07-29,21347,86,38,3200,1004,2
Asia,Japan,None,2020-07-30,21347,81,37,3200,1004,2
Asia,Japan,None,2020-07-31,21347,77,35,3200,1005,2
Asia,Japan,None,2020-08-01,21348,73,33,3200,1005,2
Asia,Japan,None,2020-08-02,21348,69,32,3200,1006,2
Asia,Japan,None,2020-08-03,21348,65,30,3200,1006,2
Asia,Japan,None,2020-08-04,21348,62,29,3200,1006,1
Asia,Japan,None,2020-08-05,21348,58,28,3200,1007,1
Asia,Japan,None,2020-08-06,21348,55,27,3200,1007,1
Asia,Japan,None,2020-08-07,21348,52,25,3200,1007,1
Asia,Japan,None,2020-08-08,21348,49,24,3200,1008,1
Asia,Japan,None,2020-08-09,21348,47,23,3200,1008,1
Asia,Japan,None,2020-08-10,21348,44,22,3200,1008,1
Asia,Japan,None,2020-08-11,21348,42,21,3200,1008,1
Asia,Japan,None,2020-08-12,21348,40,20,3200,1009,1
Asia,Japan,None,2020-08-13,21348,38,19,3200,1009,1
Asia,Japan,None,2020-08-14,21348,36,18,3200,1009,1
Asia,Japan,None,2020-08-15,21348,34,18,3200,1009,1
Asia,Japan,None,2020-08-16,21348,32,17,3200,1009,1
Asia,Japan,None,2020-08-17,21348,30,16,3200,1010,1
Asia,Japan,None,2020-08-18,21348,29,15,3200,1010,1
Asia,Japan,None,2020-08-19,21348,27,15,3200,1010,1
Asia,Japan,None,2020-08-20,21348,26,14,3200,1010,1
Asia,Japan,None,2020-08-21,21348,24,13,3200,1010,0
Asia,Japan,None,2020-08-22,21348,23,13,3200,1010,0
Asia,Japan,None,2020-08-23,21349,22,12,3200,1011,0
Asia,Japan,None,2020-08-24,21349,21,12,3200,1011,0
Asia,Japan,None,2020-08-25,21349,20,11,3200,1011,0
Asia,Japan,None,2020-08-26,21349,19,11,3200,1011,0
Asia,Japan,None,2020-08-27,21349,18,10,3200,1011,0
Asia,Japan,None,2020-08-28,21349,17,10,3200,1011,0
Asia,Japan,None,2020-08-29,21349,16,9,3200,1011,0
Asia,Japan,None,2020-08-30,21349,15,9,3200,1011,0
Asia,Japan,None,2020-08-31,21349,14,8,3200,1011,0
Asia,Japan,None,2020-09-01,21349,13,8,3200,1011,0
Asia,None,None,2020-02-21,112,100,15,15,2,4
Asia,None,None,2020-02-22,123,104,16,17,2,4
Asia,None,None,2020-02-23,133,108,17,18,3,4
Asia,None,None,2020-02-24,144,111,18,20,3,4
Asia,None,None,2020-02-25,157,117,19,22,3,4
Asia,None,None,2020-02-26,172,125,20,24,3,5
Asia,None,None,2020-02-27,191,135,22,27,4,5
Asia,None,None,2020-02-28,214,149,24,30,4,5
Asia,None,None,2020-02-29,241,166,27,34,4,6
Asia,None,None,2020-03-01,274,187,31,39,5,7
Asia,None,None,2020-03-02,312,212,35,45,5,8
Asia,None,None,2020-03-03,357,243,40,52,6,9
Asia,None,None,2020-03-04,410,279,46,60,7,10
Asia,None,None,2020-03-05,470,320,53,69,7,12
Asia,None,None,2020-03-06,540,367,60,79,8,14
Asia,None,None,2020-03-07,619,421,69,91,9,16
Asia,None,None,2020-03-08,710,482,79,105,10,18
Asia,None,None,2020-03-09,811,550,91,120,12,20
Asia,None,None,2020-03-10,924,625,103,137,13,23
Asia,None,None,2020-03-11,1050,708,117,156,15,26
Asia,None,None,2020-03-12,1190,799,132,177,17,29
Asia,None,None,2020-03-13,1343,898,149,200,19,33
Asia,None,None,2020-03-14,1510,1004,166,225,21,37
Asia,None,None,2020-03-15,1692,1117,186,252,24,41
Asia,None,None,2020-03-16,1890,1239,206,282,27,46
Asia,None,None,2020-03-17,2217,1481,245,331,31,54
Asia,None,None,2020-03-18,2620,1779,293,391,34,65
Asia,None,None,2020-03-19,3042,2076,341,454,39,76
Asia,None,None,2020-03-20,3521,2410,397,527,44,89
Asia,None,None,2020-03-21,4104,2823,464,614,50,104
Asia,None,None,2020-03-22,4833,3354,550,723,56,124
Asia,None,None,2020-03-23,5732,4014,657,858,64,148
Asia,None,None,2020-03-24,6814,4809,786,1021,72,178
Asia,None,None,2020-03-25,8087,5740,937,1211,81,212
Asia,None,None,2020-03-26,9567,6812,1112,1433,92,252
Asia,None,None,2020-03-27,11272,8038,1311,1689,105,297
Asia,None,None,2020-03-28,13232,9430,1540,1982,120,348
Asia,None,None,2020-03-29,15468,11003,1797,2318,136,406
Asia,None,None,2020-03-30,18015,12777,2090,2700,154,471
Asia,None,None,2020-03-31,20900,14768,2419,3134,174,545
Asia,None,None,2020-04-01,24144,16981,2785,3620,198,627
Asia,None,None,2020-04-02,27779,19431,3192,4165,224,716
Asia,None,None,2020-04-03,31845,22147,3644,4775,253,817
Asia,None,None,2020-04-04,36370,25135,4142,5454,286,926
Asia,None,None,2020-04-05,41355,28382,4686,6202,322,1046
Asia,None,None,2020-04-06,46822,31888,5275,7022,362,1174
Asia,None,None,2020-04-07,52804,35672,5914,7919,407,1312
Asia,None,None,2020-04-08,59334,39749,6604,8898,455,1463
Asia,None,None,2020-04-09,66393,44085,7340,9957,509,1621
Asia,None,None,2020-04-10,73977,48652,8120,11094,567,1789
Asia,None,None,2020-04-11,82092,53445,8943,12312,631,1964
Asia,None,None,2020-04-12,90766,58479,9810,13613,700,2147
Asia,None,None,2020-04-13,99988,63730,10718,14997,775,2339
Asia,None,None,2020-04-14,109719,69142,11660,16456,855,2536
Asia,None,None,2020-04-15,119932,74679,12629,17988,942,2737
Asia,None,None,2020-04-16,130620,80325,13625,19591,1034,2942
Asia,None,None,2020-04-17,141790,86086,14646,21267,1133,3152
Asia,None,None,2020-04-18,153408,91920,15687,23010,1238,3364
Asia,None,None,2020-04-19,165412,97762,16738,24810,1349,3575
Asia,None,None,2020-04-20,177758,103566,17791,26662,1467,3785
Asia,None,None,2020-04-21,190418,109307,18841,28561,1591,3991
Asia,None,None,2020-04-22,203382,114982,19889,30505,1720,4195
Asia,None,None,2020-04-23,216625,120577,20931,32491,1856,4396
Asia,None,None,2020-04-24,230075,126023,21956,34509,1997,4591
Asia,None,None,2020-04-25,243673,131270,22956,36549,2143,4778
Asia,None,None,2020-04-26,257376,136287,23927,38604,2296,4957
Asia,None,None,2020-04-27,271152,141060,24863,40671,2453,5126
Asia,None,None,2020-04-28,284986,145592,25767,42746,2615,5287
Asia,None,None,2020-04-29,298845,149868,26633,44825,2782,5437
Asia,None,None,2020-04-30,312662,153838,27454,46897,2953,5576
Asia,None,None,2020-05-01,326391,157477,28224,48957,3128,5702
Asia,None,None,2020-05-02,339996,160766,28942,50997,3306,5816
Asia,None,None,2020-05-03,353444,163700,29604,53014,3487,5915
Asia,None,None,2020-05-04,366716,166280,30210,55006,3672,6003
Asia,None,None,2020-05-05,379795,168516,30762,56968,3859,6077
Asia,None,None,2020-05-06,392629,170376,31251,58892,4047,6138
Asia,None,None,2020-05-07,405196,171863,31679,60778,4238,6185
Asia,None,None,2020-05-08,417489,172995,32048,62621,4429,6218
Asia,None,None,2020-05-09,429495,173784,32358,64422,4622,6239
Asia,None,None,2020-05-10,441195,174235,32610,66177,4815,6248
Asia,None,None,2020-05-11,452566,174346,32802,67884,5009,6244
Asia,None,None,2020-05-12,463584,174112,32934,69536,5202,6228
Asia,None,None,2020-05-13,474216,173520,33004,71130,5396,6199
Asia,None,None,2020-05-14,484458,172586,33012,72667,5587,6157
Asia,None,None,2020-05-15,494338,171363,32966,74149,5778,6105
Asia,None,None,2020-05-16,503865,169883,32872,75578,5968,6044
Asia,None,None,2020-05-17,513036,168156,32730,76954,6156,5974
Asia,None,None,2020-05-18,521832,166182,32540,78273,6342,5896
Asia,None,None,2020-05-19,530225,163941,32298,79532,6526,5808
Asia,None,None,2020-05-20,538230,161467,32011,80733,6707,5711
Asia,None,None,2020-05-21,545877,158803,31683,81879,6886,5608
Asia,None,None,2020-05-22,553179,155977,31321,82975,7062,5500
Asia,None,None,2020-05-23,560138,153003,30925,84019,7235,5386
Asia,None,None,2020-05-24,566746,149881,30495,85011,7404,5267
Asia,None,None,2020-05-25,572991,146601,30031,85946,7570,5143
Asia,None,None,2020-05-26,578894,143197,29538,86832,7734,5015
Asia,None,None,2020-05-27,584487,139708,29022,87671,7894,4883
Asia,None,None,2020-05-28,589786,136160,28486,88466,8049,4750
Asia,None,None,2020-05-29,594801,132564,27933,89219,8202,4616
Asia,None,None,2020-05-30,599528,128919,27364,89928,8350,4480
Asia,None,None,2020-05-31,603954,125211,26776,90591,8495,4343
Asia,None,None,2020-06-01,608095,121457,26171,91213,8635,4203
Asia,None,None,2020-06-02,611985,117697,25557,91796,8773,4065
Asia,None,None,2020-06-03,615646,113953,24938,92345,8906,3927
Asia,None,None,2020-06-04,619089,110238,24315,92861,9034,3791
Asia,None,None,2020-06-05,622319,106552,23690,93346,9160,3656
Asia,None,None,2020-06-06,625326,102884,23060,93798,9281,3522
Asia,None,None,2020-06-07,628113,99228,22425,94215,9399,3388
Asia,None,None,2020-06-08,630709,95616,21792,94605,9513,3257
Asia,None,None,2020-06-09,633134,92068,21162,94969,9623,3128
Asia,None,None,2020-06-10,635402,88590,20537,95308,9729,3002
Asia,None,None,2020-06-11,637516,85183,19918,95626,9832,2879
Asia,None,None,2020-06-12,639475,81842,19305,95919,9932,2758
Asia,None,None,2020-06-13,641281,78558,18697,96190,10027,2641
Asia,None,None,2020-06-14,642953,75350,18097,96441,10119,2526
Asia,None,None,2020-06-15,644504,72226,17506,96674,10208,2414
Asia,None,None,2020-06-16,645946,69192,16926,96890,10294,2306
Asia,None,None,2020-06-17,647281,66246,16356,97091,10376,2201
Asia,None,None,2020-06-18,648514,63383,15797,97275,10455,2099
Asia,None,None,2020-06-19,649644,60600,15249,97445,10531,2001
Asia,None,None,2020-06-20,650686,57903,14712,97601,10604,1905
Asia,None,None,2020-06-21,651646,55297,14188,97745,10675,1814
Asia,None,None,2020-06-22,652533,52783,13676,97878,10742,1725
Asia,None,None,2020-06-23,653352,50359,13177,98001,10807,1640
Asia,None,None,2020-06-24,654104,48021,12692,98114,10869,1559
Asia,None,None,2020-06-25,654792,45764,12219,98217,10928,1480
Asia,None,None,2020-06-26,655420,43591,11759,98311,10985,1404
Asia,None,None,2020-06-27,655997,41503,11312,98398,11040,1332
Asia,None,None,2020-06-28,656528,39499,10878,98477,11092,1263
Asia,None,None,2020-06-29,657015,37579,10458,98551,11142,1196
Asia,None,None,2020-06-30,657462,35738,10050,98617,11191,1134
Asia,None,None,2020-07-01,657869,33972,9655,98679,11237,1073
Asia,None,None,2020-07-02,658238,32278,9274,98734,11281,1015
Asia,None,None,2020-07-03,658574,30657,8903,98784,11322,960
Asia,None,None,2020-07-04,658883,29109,8546,98831,11363,907
Asia,None,None,2020-07-05,659166,27631,8201,98873,11401,857
Asia,None,None,2020-07-06,659425,26221,7868,98912,11438,810
Asia,None,None,2020-07-07,659659,24874,7547,98947,11473,764
Asia,None,None,2020-07-08,659872,23589,7237,98979,11506,722
Asia,None,None,2020-07-09,660064,22363,6937,99008,11539,680
Asia,None,None,2020-07-10,660239,21195,6650,99034,11569,642
Asia,None,None,2020-07-11,660399,20085,6372,99058,11598,605
Asia,None,None,2020-07-12,660545,19028,6106,99080,11626,570
Asia,None,None,2020-07-13,660677,18023,5849,99099,11653,537
Asia,None,None,2020-07-14,660797,17067,5603,99117,11678,505
Asia,None,None,2020-07-15,660904,16158,5365,99134,11702,476
Asia,None,None,2020-07-16,661002,15294,5137,99149,11726,448
Asia,None,None,2020-07-17,661091,14475,4917,99162,11748,421
Asia,None,None,2020-07-18,661171,13697,4707,99174,11768,396
Asia,None,None,2020-07-19,661244,12959,4505,99185,11788,373
Asia,None,None,2020-07-20,661309,12259,4311,99195,11807,351
Asia,None,None,2020-07-21,661368,11594,4125,99203,11826,329
Asia,None,None,2020-07-22,661422,10964,3946,99211,11843,309
Asia,None,None,2020-07-23,661470,10368,3774,99219,11859,291
Asia,None,None,2020-07-24,661513,9803,3610,99225,11875,273
Asia,None,None,2020-07-25,661552,9268,3453,99231,11890,257
Asia,None,None,2020-07-26,661588,8762,3302,99236,11905,241
Asia,None,None,2020-07-27,661620,8281,3158,99241,11918,226
Asia,None,None,2020-07-28,661648,7827,3019,99245,11931,212
Asia,None,None,2020-07-29,661674,7397,2886,99249,11943,199
Asia,None,None,2020-07-30,661697,6991,2760,99252,11954,187
Asia,None,None,2020-07-31,661717,6607,2638,99256,11966,175
Asia,None,None,2020-08-01,661737,6243,2521,99258,11976,164
Asia,None,None,2020-08-02,661754,5900,2410,99261,11987,154
Asia,None,None,2020-08-03,661769,5574,2302,99263,11996,145
Asia,None,None,2020-08-04,661782,5268,2201,99265,12005,135
Asia,None,None,2020-08-05,661794,4977,2103,99267,12015,126
Asia,None,None,2020-08-06,661805,4702,2010,99269,12023,119
Asia,None,None,2020-08-07,661815,4443,1920,99270,12030,111
Asia,None,None,2020-08-08,661823,4198,1834,99271,12039,104
Asia,None,None,2020-08-09,661831,3967,1753,99272,12045,98
Asia,None,None,2020-08-10,661838,3748,1675,99274,12052,92
Asia,None,None,2020-08-11,661844,3542,1600,99274,12058,86
Asia,None,None,2020-08-12,661850,3347,1528,99275,12065,80
Asia,None,None,2020-08-13,661855,3163,1460,99276,12071,75
Asia,None,None,2020-08-14,661859,2989,1394,99277,12076,71
Asia,None,None,2020-08-15,661863,2825,1333,99277,12081,66
Asia,None,None,2020-08-16,661867,2670,1273,99278,12086,62
Asia,None,None,2020-08-17,661870,2523,1215,99278,12092,58
Asia,None,None,2020-08-18,661873,2385,1161,99279,12096,54
Asia,None,None,2020-08-19,661875,2254,1109,99279,12101,51
Asia,None,None,2020-08-20,661878,2131,1059,99279,12105,48
Asia,None,None,2020-08-21,661880,2014,1011,99280,12108,44
Asia,None,None,2020-08-22,661881,1905,966,99280,12112,41
Asia,None,None,2020-08-23,661884,1801,922,99280,12117,38
Asia,None,None,2020-08-24,661885,1703,882,99280,12120,36
Asia,None,None,2020-08-25,661887,1610,841,99281,12123,34
Asia,None,None,2020-08-26,661888,1523,804,99281,12126,31
Asia,None,None,2020-08-27,661889,1440,767,99281,12129,29
Asia,None,None,2020-08-28,661890,1362,733,99281,12131,27
Asia,None,None,2020-08-29,661890,1289,700,99281,12134,26
Asia,None,None,2020-08-30,661891,1219,669,99281,12136,24
Asia,None,None,2020-08-31,661892,1153,638,99281,12139,22
Asia,None,None,2020-09-01,661892,1091,609,99281,12141,21
Asia,Russia,None,2020-03-17,114,114,17,17,0,4
Asia,Russia,None,2020-03-18,289,276,42,43,0,10
Asia,Russia,None,2020-03-19,469,433,66,70,1,16
Asia,Russia,None,2020-03-20,690,620,96,104,1,23
Asia,Russia,None,2020-03-21,999,880,137,150,2,33
Asia,Russia,None,2020-03-22,1440,1253,195,216,3,47
Asia,Russia,None,2020-03-23,2037,1752,274,306,5,65
Asia,Russia,None,2020-03-24,2804,2384,374,421,7,89
Asia,Russia,None,2020-03-25,3749,3149,496,562,10,117
Asia,Russia,None,2020-03-26,4888,4053,641,733,14,151
Asia,Russia,None,2020-03-27,6241,5109,810,936,19,190
Asia,Russia,None,2020-03-28,7837,6332,1008,1175,26,235
Asia,Russia,None,2020-03-29,9701,7738,1235,1455,34,287
Asia,Russia,None,2020-03-30,11868,9348,1497,1780,43,346
Asia,Russia,None,2020-03-31,14364,11177,1796,2155,54,414
Asia,Russia,None,2020-04-01,17212,13230,2132,2582,68,490
Asia,Russia,None,2020-04-02,20444,15524,2510,3067,84,574
Asia,Russia,None,2020-04-03,24104,18090,2933,3616,102,669
Asia,Russia,None,2020-04-04,28219,20935,3404,4233,124,773
Asia,Russia,None,2020-04-05,32793,24045,3921,4919,149,888
Asia,Russia,None,2020-04-06,37847,27421,4484,5677,177,1012
Asia,Russia,None,2020-04-07,43414,31082,5098,6512,209,1146
Asia,Russia,None,2020-04-08,49529,35044,5764,7429,245,1292
Asia,Russia,None,2020-04-09,56176,39273,6478,8426,286,1447
Asia,Russia,None,2020-04-10,63350,43743,7237,9502,331,1611
Asia,Russia,None,2020-04-11,71060,48449,8040,10659,381,1783
Asia,Russia,None,2020-04-12,79332,53405,8889,11900,436,1964
Asia,Russia,None,2020-04-13,88157,58588,9781,13224,497,2153
Asia,Russia,None,2020-04-14,97496,63940,10708,14624,563,2348
Asia,Russia,None,2020-04-15,107324,69427,11664,16099,635,2548
Asia,Russia,None,2020-04-16,117634,75033,12648,17645,713,2752
Asia,Russia,None,2020-04-17,128434,80765,13659,19265,797,2961
Asia,Russia,None,2020-04-18,139691,86580,14692,20954,887,3172
Asia,Russia,None,2020-04-19,151342,92412,15736,22701,983,3383
Asia,Russia,None,2020-04-20,163344,98215,16784,24502,1086,3593
Asia,Russia,None,2020-04-21,175669,103963,17831,26350,1194,3800
Asia,Russia,None,2020-04-22,188308,109655,18877,28246,1308,4005
Asia,Russia,None,2020-04-23,201236,115276,19919,30185,1429,4207
Asia,Russia,None,2020-04-24,214382,120755,20945,32157,1555,4403
Asia,Russia,None,2020-04-25,227685,126043,21948,34153,1686,4592
Asia,Russia,None,2020-04-26,241103,131108,22922,36165,1824,4773
Asia,Russia,None,2020-04-27,254604,135935,23864,38191,1966,4944
Asia,Russia,None,2020-04-28,268174,140528,24774,40226,2113,5107
Asia,Russia,None,2020-04-29,281780,144872,25648,42267,2265,5260
Asia,Russia,None,2020-04-30,295355,148917,26478,44303,2421,5402
Asia,Russia,None,2020-05-01,308852,152635,27259,46328,2582,5531
Asia,Russia,None,2020-05-02,322234,156008,27988,48335,2746,5648
Asia,Russia,None,2020-05-03,335470,159029,28662,50320,2913,5751
Asia,Russia,None,2020-05-04,348538,161701,29281,52281,3084,5842
Asia,Russia,None,2020-05-05,361424,164032,29846,54214,3257,5920
Asia,Russia,None,2020-05-06,374074,165990,30350,56111,3432,5984
Asia,Russia,None,2020-05-07,386467,167579,30793,57970,3610,6035
Asia,Russia,None,2020-05-08,398594,168814,31178,59789,3788,6072
Asia,Russia,None,2020-05-09,410442,169707,31504,61566,3968,6097
Asia,Russia,None,2020-05-10,421993,170264,31773,63299,4149,6110
Asia,Russia,None,2020-05-11,433223,170483,31983,64984,4331,6110
Asia,Russia,None,2020-05-12,444108,170358,32132,66616,4512,6098
Asia,Russia,None,2020-05-13,454615,169875,32220,68192,4694,6073
Asia,Russia,None,2020-05-14,464738,169050,32246,69711,4874,6035
Asia,Russia,None,2020-05-15,474506,167935,32219,71176,5054,5987
Asia,Russia,None,2020-05-16,483927,166562,32143,72589,5233,5930
Asia,Russia,None,2020-05-17,492999,164943,32019,73950,5411,5864
Asia,Russia,None,2020-05-18,501703,163076,31848,75255,5587,5789
Asia,Russia,None,2020-05-19,510009,160941,31625,76501,5761,5705
Asia,Russia,None,2020-05-20,517933,158571,31356,77690,5932,5612
Asia,Russia,None,2020-05-21,525503,156010,31047,78825,6102,5513
Asia,Russia,None,2020-05-22,532733,153285,30703,79910,6269,5408
Asia,Russia,None,2020-05-23,539625,150410,30325,80944,6433,5298
Asia,Russia,None,2020-05-24,546170,147385,29913,81926,6594,5183
Asia,Russia,None,2020-05-25,552357,144201,29467,82853,6752,5062
Asia,Russia,None,2020-05-26,558206,140891,28992,83731,6908,4937
Asia,Russia,None,2020-05-27,563748,137493,28493,84562,7060,4809
Asia,Russia,None,2020-05-28,569000,134034,27974,85350,7208,4679
Asia,Russia,None,2020-05-29,573971,130524,27438,86096,7353,4548
Asia,Russia,None,2020-05-30,578657,126963,26885,86799,7495,4415
Asia,Russia,None,2020-05-31,583046,123338,26313,87457,7633,4281
Asia,Russia,None,2020-06-01,587152,119663,25724,88073,7767,4144
Asia,Russia,None,2020-06-02,591009,115980,25126,88651,7898,4008
Asia,Russia,None,2020-06-03,594640,112311,24522,89196,8025,3873
Asia,Russia,None,2020-06-04,598055,108668,23914,89708,8148,3739
Asia,Russia,None,2020-06-05,601259,105052,23303,90189,8268,3607
Asia,Russia,None,2020-06-06,604243,101451,22687,90637,8384,3475
Asia,Russia,None,2020-06-07,607008,97860,22066,91051,8497,3344
Asia,Russia,None,2020-06-08,609583,94311,21446,91438,8606,3215
Asia,Russia,None,2020-06-09,611990,90823,20829,91799,8711,3088
Asia,Russia,None,2020-06-10,614240,87403,20217,92136,8813,2964
Asia,Russia,None,2020-06-11,616338,84052,19610,92451,8912,2843
Asia,Russia,None,2020-06-12,618283,80764,19009,92742,9007,2724
Asia,Russia,None,2020-06-13,620075,77532,18412,93011,9098,2608
Asia,Russia,None,2020-06-14,621735,74373,17823,93260,9187,2495
Asia,Russia,None,2020-06-15,623275,71297,17243,93491,9272,2385
Asia,Russia,None,2020-06-16,624706,68308,16673,93706,9354,2278
Asia,Russia,None,2020-06-17,626032,65405,16113,93905,9433,2175
Asia,Russia,None,2020-06-18,627256,62584,15564,94088,9509,2074
Asia,Russia,None,2020-06-19,628378,59841,15025,94257,9582,1977
Asia,Russia,None,2020-06-20,629412,57182,14497,94412,9652,1883
Asia,Russia,None,2020-06-21,630366,54612,13982,94555,9720,1793
Asia,Russia,None,2020-06-22,631247,52132,13479,94687,9784,1705
Asia,Russia,None,2020-06-23,632060,49741,12988,94809,9847,1621
Asia,Russia,None,2020-06-24,632807,47435,12511,94921,9906,1541
Asia,Russia,None,2020-06-25,633490,45208,12045,95023,9963,1463
Asia,Russia,None,2020-06-26,634114,43064,11592,95117,10018,1388
Asia,Russia,None,2020-06-27,634687,41003,11152,95203,10071,1317
Asia,Russia,None,2020-06-28,635214,39025,10725,95282,10121,1249
Asia,Russia,None,2020-06-29,635698,37129,10311,95355,10169,1183
Asia,Russia,None,2020-06-30,636142,35312,9910,95421,10216,1121
Asia,Russia,None,2020-07-01,636546,33568,9521,95482,10260,1061
Asia,Russia,None,2020-07-02,636913,31895,9145,95537,10302,1004
Asia,Russia,None,2020-07-03,637247,30295,8780,95587,10342,949
Asia,Russia,None,2020-07-04,637554,28766,8428,95633,10381,897
Asia,Russia,None,2020-07-05,637835,27306,8088,95675,10418,848
Asia,Russia,None,2020-07-06,638092,25913,7760,95714,10453,801
Asia,Russia,None,2020-07-07,638325,24583,7444,95749,10487,756
Asia,Russia,None,2020-07-08,638536,23313,7138,95780,10519,714
Asia,Russia,None,2020-07-09,638727,22102,6843,95809,10550,673
Asia,Russia,None,2020-07-10,638901,20948,6560,95835,10579,635
Asia,Russia,None,2020-07-11,639060,19851,6286,95859,10607,598
Asia,Russia,None,2020-07-12,639205,18807,6023,95881,10634,564
Asia,Russia,None,2020-07-13,639336,17814,5770,95900,10660,531
Asia,Russia,None,2020-07-14,639455,16869,5527,95918,10684,500
Asia,Russia,None,2020-07-15,639562,15970,5293,95934,10707,471
Asia,Russia,None,2020-07-16,639659,15117,5068,95949,10730,443
Asia,Russia,None,2020-07-17,639747,14307,4851,95962,10751,417
Asia,Russia,None,2020-07-18,639827,13538,4644,95974,10771,392
Asia,Russia,None,2020-07-19,639899,12809,4445,95985,10790,369
Asia,Russia,None,2020-07-20,639964,12117,4253,95995,10808,347
Asia,Russia,None,2020-07-21,640023,11460,4070,96003,10826,326
Asia,Russia,None,2020-07-22,640076,10837,3893,96011,10843,306
Asia,Russia,None,2020-07-23,640124,10248,3724,96019,10858,288
Asia,Russia,None,2020-07-24,640167,9689,3562,96025,10874,270
Asia,Russia,None,2020-07-25,640206,9160,3407,96031,10888,254
Asia,Russia,None,2020-07-26,640241,8660,3258,96036,10902,238
Asia,Russia,None,2020-07-27,640273,8185,3116,96041,10915,224
Asia,Russia,None,2020-07-28,640301,7736,2979,96045,10927,210
Asia,Russia,None,2020-07-29,640327,7311,2848,96049,10939,197
Asia,Russia,None,2020-07-30,640350,6910,2723,96052,10950,185
Asia,Russia,None,2020-07-31,640370,6530,2603,96056,10961,173
Asia,Russia,None,2020-08-01,640389,6170,2488,96058,10971,162
Asia,Russia,None,2020-08-02,640406,5831,2378,96061,10981,152
Asia,Russia,None,2020-08-03,640421,5509,2272,96063,10990,143
Asia,Russia,None,2020-08-04,640434,5206,2172,96065,10999,134
Asia,Russia,None,2020-08-05,640446,4919,2075,96067,11008,125
Asia,Russia,None,2020-08-06,640457,4647,1983,96069,11016,118
Asia,Russia,None,2020-08-07,640467,4391,1895,96070,11023,110
Asia,Russia,None,2020-08-08,640475,4149,1810,96071,11031,103
Asia,Russia,None,2020-08-09,640483,3920,1730,96072,11037,97
Asia,Russia,None,2020-08-10,640490,3704,1653,96074,11044,91
Asia,Russia,None,2020-08-11,640496,3500,1579,96074,11050,85
Asia,Russia,None,2020-08-12,640502,3307,1508,96075,11056,79
Asia,Russia,None,2020-08-13,640507,3125,1441,96076,11062,74
Asia,Russia,None,2020-08-14,640511,2953,1376,96077,11067,70
Asia,Russia,None,2020-08-15,640515,2791,1315,96077,11072,65
Asia,Russia,None,2020-08-16,640519,2638,1256,96078,11077,61
Asia,Russia,None,2020-08-17,640522,2493,1199,96078,11082,57
Asia,Russia,None,2020-08-18,640525,2356,1146,96079,11086,53
Asia,Russia,None,2020-08-19,640527,2227,1094,96079,11091,50
Asia,Russia,None,2020-08-20,640530,2105,1045,96079,11095,47
Asia,Russia,None,2020-08-21,640532,1990,998,96080,11098,44
Asia,Russia,None,2020-08-22,640533,1882,953,96080,11102,41
Asia,Russia,None,2020-08-23,640535,1779,910,96080,11106,38
Asia,Russia,None,2020-08-24,640536,1682,870,96080,11109,36
Asia,Russia,None,2020-08-25,640538,1590,830,96081,11112,34
Asia,Russia,None,2020-08-26,640539,1504,793,96081,11115,31
Asia,Russia,None,2020-08-27,640540,1422,757,96081,11118,29
Asia,Russia,None,2020-08-28,640541,1345,723,96081,11120,27
Asia,Russia,None,2020-08-29,640541,1273,691,96081,11123,26
Asia,Russia,None,2020-08-30,640542,1204,660,96081,11125,24
Asia,Russia,None,2020-08-31,640543,1139,630,96081,11128,22
Asia,Russia,None,2020-09-01,640543,1078,601,96081,11130,21
Europe,Italy,None,2020-02-23,155,137,21,21,3,5
Europe,Italy,None,2020-02-24,347,312,47,49,8,12
Europe,Italy,None,2020-02-25,532,468,72,77,17,17
Europe,Italy,None,2020-02-26,732,627,97,107,29,23
Europe,Italy,None,2020-02-27,960,802,124,141,45,30
Europe,Italy,None,2020-02-28,1229,1003,157,182,64,37
Europe,Italy,None,2020-02-29,1563,1254,196,232,88,47
Europe,Italy,None,2020-03-01,2011,1597,251,299,117,59
Europe,Italy,None,2020-03-02,2630,2080,327,392,155,77
Europe,Italy,None,2020-03-03,3433,2707,426,512,204,101
Europe,Italy,None,2020-03-04,4413,3460,545,659,266,129
Europe,Italy,None,2020-03-05,5563,4323,682,832,343,161
Europe,Italy,None,2020-03-06,6880,5286,837,1029,437,196
Europe,Italy,None,2020-03-07,8372,6351,1008,1253,550,236
Europe,Italy,None,2020-03-08,10047,7518,1197,1504,682,279
Europe,Italy,None,2020-03-09,11910,8783,1403,1784,836,326
Europe,Italy,None,2020-03-10,13969,10150,1626,2093,1012,376
Europe,Italy,None,2020-03-11,16230,11615,1867,2432,1211,430
Europe,Italy,None,2020-03-12,18697,13178,2126,2802,1435,488
Europe,Italy,None,2020-03-13,21381,14842,2402,3204,1684,549
Europe,Italy,None,2020-03-14,24281,16601,2695,3639,1960,613
Europe,Italy,None,2020-03-15,27385,18434,3003,4105,2263,681
Europe,Italy,None,2020-03-16,30689,20332,3323,4601,2593,750
Europe,Italy,None,2020-03-17,34196,22293,3656,5127,2952,822
Europe,Italy,None,2020-03-18,37916,24328,4003,5685,3338,897
Europe,Italy,None,2020-03-19,41841,26423,4362,6274,3752,973
Europe,Italy,None,2020-03-20,45945,28547,4729,6889,4194,1051
Europe,Italy,None,2020-03-21,50209,30680,5101,7529,4663,1128
Europe,Italy,None,2020-03-22,54627,32814,5475,8191,5159,1206
Europe,Italy,None,2020-03-23,59201,34955,5854,8877,5681,1284
Europe,Italy,None,2020-03-24,63921,37095,6234,9585,6226,1362
Europe,Italy,None,2020-03-25,68756,39203,6613,10311,6796,1438
Europe,Italy,None,2020-03-26,73687,41260,6986,11050,7387,1512
Europe,Italy,None,2020-03-27,78698,43255,7353,11802,7999,1584
Europe,Italy,None,2020-03-28,83780,45186,7712,12564,8630,1653
Europe,Italy,None,2020-03-29,88924,47051,8062,13336,9278,1720
Europe,Italy,None,2020-03-30,94106,48829,8401,14113,9940,1784
Europe,Italy,None,2020-03-31,99303,50505,8725,14893,10616,1843
Europe,Italy,None,2020-04-01,104501,52071,9034,15672,11303,1899
Europe,Italy,None,2020-04-02,109684,53520,9326,16450,11999,1950
Europe,Italy,None,2020-04-03,114842,54851,9600,17224,12702,1996
Europe,Italy,None,2020-04-04,119961,56061,9857,17992,13411,2038
Europe,Italy,None,2020-04-05,125022,57136,10092,18751,14122,2075
Europe,Italy,None,2020-04-06,130017,58079,10307,19500,14834,2108
Europe,Italy,None,2020-04-07,134936,58892,10502,20238,15545,2135
Europe,Italy,None,2020-04-08,139770,59576,10675,20963,16253,2157
Europe,Italy,None,2020-04-09,144509,60127,10828,21674,16956,2175
Europe,Italy,None,2020-04-10,149139,60542,10958,22368,17653,2188
Europe,Italy,None,2020-04-11,153644,60815,11064,23044,18343,2195
Europe,Italy,None,2020-04-12,158017,60944,11147,23700,19023,2197
Europe,Italy,None,2020-04-13,162261,60946,11208,24336,19693,2194
Europe,Italy,None,2020-04-14,166380,60833,11249,24954,20350,2188
Europe,Italy,None,2020-04-15,170370,60611,11271,25553,20994,2177
Europe,Italy,None,2020-04-16,174223,60278,11273,26131,21624,2162
Europe,Italy,None,2020-04-17,177925,59827,11254,26686,22238,2143
Europe,Italy,None,2020-04-18,181472,59261,11214,27218,22837,2120
Europe,Italy,None,2020-04-19,184877,58599,11156,27729,23420,2093
Europe,Italy,None,2020-04-20,188145,57856,11083,28219,23984,2064
Europe,Italy,None,2020-04-21,191277,57037,10995,28689,24531,2031
Europe,Italy,None,2020-04-22,194268,56144,10891,29138,25060,1996
Europe,Italy,None,2020-04-23,197110,55170,10772,29564,25571,1959
Europe,Italy,None,2020-04-24,199806,54122,10638,29968,26063,1918
Europe,Italy,None,2020-04-25,202367,53019,10493,30352,26537,1876
Europe,Italy,None,2020-04-26,204804,51874,10337,30718,26992,1833
Europe,Italy,None,2020-04-27,207120,50694,10172,31065,27428,1788
Europe,Italy,None,2020-04-28,209313,49479,9999,31394,27846,1742
Europe,Italy,None,2020-04-29,211379,48225,9816,31704,28245,1695
Europe,Italy,None,2020-04-30,213315,46931,9623,31995,28627,1646
Europe,Italy,None,2020-05-01,215139,45617,9425,32268,28991,1597
Europe,Italy,None,2020-05-02,216859,44294,9221,32526,29338,1547
Europe,Italy,None,2020-05-03,218482,42969,9015,32770,29668,1498
Europe,Italy,None,2020-05-04,220010,41643,8805,32999,29981,1449
Europe,Italy,None,2020-05-05,221438,40312,8591,33213,30278,1399
Europe,Italy,None,2020-05-06,222766,38972,8373,33412,30560,1350
Europe,Italy,None,2020-05-07,224005,37638,8154,33598,30826,1301
Europe,Italy,None,2020-05-08,225166,36317,7934,33772,31079,1252
Europe,Italy,None,2020-05-09,226252,35016,7715,33935,31316,1204
Europe,Italy,None,2020-05-10,227268,33733,7496,34088,31541,1158
Europe,Italy,None,2020-05-11,228213,32469,7278,34229,31752,1111
Europe,Italy,None,2020-05-12,229085,31218,7060,34360,31951,1066
Europe,Italy,None,2020-05-13,229894,29990,6844,34481,32139,1021
Europe,Italy,None,2020-05-14,230646,28788,6630,34594,32314,978
Europe,Italy,None,2020-05-15,231346,27617,6419,34699,32479,935
Europe,Italy,None,2020-05-16,231996,26475,6211,34797,32634,894
Europe,Italy,None,2020-05-17,232597,25362,6006,34887,32779,854
Europe,Italy,None,2020-05-18,233150,24275,5804,34970,32914,815
Europe,Italy,None,2020-05-19,233659,23218,5606,35046,33041,777
Europe,Italy,None,2020-05-20,234129,22194,5411,35117,33159,740
Europe,Italy,None,2020-05-21,234564,21203,5221,35182,33270,705
Europe,Italy,None,2020-05-22,234966,20245,5036,35242,33373,671
Europe,Italy,None,2020-05-23,235336,19320,4854,35298,33469,638
Europe,Italy,None,2020-05-24,235675,18424,4677,35349,33558,606
Europe,Italy,None,2020-05-25,235985,17558,4504,35395,33641,576
Europe,Italy,None,2020-05-26,236269,16726,4336,35438,33718,547
Europe,Italy,None,2020-05-27,236531,15925,4172,35477,33790,519
Europe,Italy,None,2020-05-28,236773,15157,4013,35513,33857,492
Europe,Italy,None,2020-05-29,236994,14419,3859,35546,33918,466
Europe,Italy,None,2020-05-30,237195,13710,3710,35577,33975,441
Europe,Italy,None,2020-05-31,237378,13029,3564,35604,34028,418
Europe,Italy,None,2020-06-01,237546,12376,3424,35629,34077,395
Europe,Italy,None,2020-06-02,237699,11753,3288,35652,34123,373
Europe,Italy,None,2020-06-03,237840,11157,3156,35673,34165,353
Europe,Italy,None,2020-06-04,237968,10587,3029,35693,34203,333
Europe,Italy,None,2020-06-05,238085,10043,2907,35710,34239,315
Europe,Italy,None,2020-06-06,238190,9523,2788,35726,34272,297
Europe,Italy,None,2020-06-07,238286,9027,2673,35740,34302,280
Europe,Italy,None,2020-06-08,238374,8554,2563,35753,34330,264
Europe,Italy,None,2020-06-09,238454,8104,2457,35765,34356,249
Europe,Italy,None,2020-06-10,238526,7676,2355,35776,34380,235
Europe,Italy,None,2020-06-11,238592,7269,2256,35786,34401,221
Europe,Italy,None,2020-06-12,238652,6881,2161,35795,34421,208
Europe,Italy,None,2020-06-13,238706,6512,2070,35803,34440,196
Europe,Italy,None,2020-06-14,238754,6161,1982,35810,34457,184
Europe,Italy,None,2020-06-15,238799,5829,1898,35817,34472,173
Europe,Italy,None,2020-06-16,238839,5513,1817,35823,34486,163
Europe,Italy,None,2020-06-17,238875,5214,1739,35829,34500,153
Europe,Italy,None,2020-06-18,238908,4930,1664,35834,34511,144
Europe,Italy,None,2020-06-19,238938,4660,1592,35838,34522,135
Europe,Italy,None,2020-06-20,238964,4404,1524,35842,34532,127
Europe,Italy,None,2020-06-21,238988,4162,1457,35846,34542,119
Europe,Italy,None,2020-06-22,239010,3933,1394,35849,34550,112
Europe,Italy,None,2020-06-23,239030,3716,1333,35852,34558,105
Europe,Italy,None,2020-06-24,239048,3511,1275,35854,34565,99
Europe,Italy,None,2020-06-25,239064,3316,1219,35857,34571,93
Europe,Italy,None,2020-06-26,239078,3132,1166,35859,34577,87
Europe,Italy,None,2020-06-27,239091,2958,1115,35861,34582,81
Europe,Italy,None,2020-06-28,239102,2794,1066,35863,34587,76
Europe,Italy,None,2020-06-29,239113,2638,1019,35864,34591,71
Europe,Italy,None,2020-06-30,239122,2491,974,35866,34595,67
Europe,Italy,None,2020-07-01,239131,2352,931,35867,34599,63
Europe,Italy,None,2020-07-02,239138,2221,889,35868,34602,59
Europe,Italy,None,2020-07-03,239145,2097,850,35869,34606,55
Europe,Italy,None,2020-07-04,239151,1980,812,35870,34608,52
Europe,Italy,None,2020-07-05,239156,1869,776,35871,34611,48
Europe,Italy,None,2020-07-06,239161,1765,742,35871,34613,45
Europe,Italy,None,2020-07-07,239166,1666,709,35872,34615,42
Europe,Italy,None,2020-07-08,239169,1573,677,35873,34617,40
Europe,Italy,None,2020-07-09,239173,1485,647,35873,34619,37
Europe,Italy,None,2020-07-10,239176,1402,618,35874,34620,35
Europe,Italy,None,2020-07-11,239179,1324,590,35874,34622,32
Europe,Italy,None,2020-07-12,239181,1250,564,35875,34623,30
Europe,Italy,None,2020-07-13,239184,1180,539,35875,34624,28
Europe,Italy,None,2020-07-14,239186,1115,515,35875,34625,26
Europe,Italy,None,2020-07-15,239187,1053,491,35875,34626,25
Europe,Italy,None,2020-07-16,239189,994,469,35876,34627,23
Europe,Italy,None,2020-07-17,239190,939,448,35876,34628,22
Europe,Italy,None,2020-07-18,239192,887,428,35876,34629,20
Europe,Italy,None,2020-07-19,239193,837,409,35876,34629,19
Europe,Italy,None,2020-07-20,239194,791,391,35876,34630,18
Europe,Italy,None,2020-07-21,239195,747,373,35876,34630,17
Europe,Italy,None,2020-07-22,239195,706,356,35877,34631,15
Europe,Italy,None,2020-07-23,239196,667,340,35877,34631,14
Europe,Italy,None,2020-07-24,239197,630,325,35877,34632,13
Europe,Italy,None,2020-07-25,239197,595,310,35877,34632,13
Europe,Italy,None,2020-07-26,239198,563,296,35877,34632,12
Europe,Italy,None,2020-07-27,239198,532,283,35877,34633,11
Europe,Italy,None,2020-07-28,239199,503,270,35877,34633,10
Europe,Italy,None,2020-07-29,239199,475,258,35877,34633,10
Europe,Italy,None,2020-07-30,239199,449,246,35877,34633,9
Europe,Italy,None,2020-07-31,239200,425,235,35877,34634,8
Europe,Italy,None,2020-08-01,239200,401,225,35877,34634,8
Europe,Italy,None,2020-08-02,239200,380,215,35877,34634,7
Europe,Italy,None,2020-08-03,239200,359,205,35877,34634,7
Europe,Italy,None,2020-08-04,239200,339,196,35877,34634,6
Europe,Italy,None,2020-08-05,239201,321,187,35877,34634,6
Europe,Italy,None,2020-08-06,239201,304,178,35877,34634,6
Europe,Italy,None,2020-08-07,239201,287,170,35877,34635,5
Europe,Italy,None,2020-08-08,239201,272,163,35877,34635,5
Europe,Italy,None,2020-08-09,239201,257,155,35877,34635,4
Europe,Italy,None,2020-08-10,239201,244,148,35877,34635,4
Europe,Italy,None,2020-08-11,239201,231,142,35877,34635,4
Europe,Italy,None,2020-08-12,239201,218,135,35877,34635,4
Europe,Italy,None,2020-08-13,239201,207,129,35877,34635,3
Europe,Italy,None,2020-08-14,239201,196,123,35877,34635,3
Europe,Italy,None,2020-08-15,239201,185,118,35878,34635,3
Europe,Italy,None,2020-08-16,239201,175,112,35878,34635,3
Europe,Italy,None,2020-08-17,239201,166,107,35878,34635,3
Europe,Italy,None,2020-08-18,239201,157,103,35878,34635,2
Europe,Italy,None,2020-08-19,239201,149,98,35878,34635,2
Europe,Italy,None,2020-08-20,239201,141,93,35878,34635,2
Europe,Italy,None,2020-08-21,239202,134,89,35878,34635,2
Europe,Italy,None,2020-08-22,239202,127,85,35878,34635,2
Europe,Italy,None,2020-08-23,239202,120,81,35878,34635,2
Europe,Italy,None,2020-08-24,239202,114,78,35878,34635,2
Europe,Italy,None,2020-08-25,239202,108,74,35878,34635,1
Europe,Italy,None,2020-08-26,239202,102,71,35878,34635,1
Europe,Italy,None,2020-08-27,239202,97,68,35878,34635,1
Europe,Italy,None,2020-08-28,239202,92,65,35878,34635,1
Europe,Italy,None,2020-08-29,239202,87,62,35878,34635,1
Europe,Italy,None,2020-08-30,239202,83,59,35878,34635,1
Europe,Italy,None,2020-08-31,239202,79,56,35878,34635,1
Europe,Italy,None,2020-09-01,239202,75,54,35878,34635,1
Europe,None,None,2020-02-23,155,137,21,21,3,5
Europe,None,None,2020-02-24,347,312,47,49,8,12
Europe,None,None,2020-02-25,532,468,72,77,17,17
Europe,None,None,2020-02-26,732,627,97,107,29,23
Europe,None,None,2020-02-27,960,802,124,141,45,30
Europe,None,None,2020-02-28,1229,1003,157,182,64,37
Europe,None,None,2020-02-29,1563,1254,196,232,88,47
Europe,None,None,2020-03-01,2011,1597,251,299,117,59
Europe,None,None,2020-03-02,2750,2200,345,410,155,81
Europe,None,None,2020-03-03,3751,3007,472,560,210,112
Europe,None,None,2020-03-04,4936,3932,617,737,282,147
Europe,None,None,2020-03-05,6342,5003,787,949,373,186
Europe,None,None,2020-03-06,8029,6268,989,1201,486,233
Europe,None,None,2020-03-07,10073,7787,1231,1508,626,289
Europe,None,None,2020-03-08,12512,9575,1518,1874,797,356
Europe,None,None,2020-03-09,15359,11626,1847,2301,1005,432
Europe,None,None,2020-03-10,18632,13937,2220,2792,1252,517
Europe,None,None,2020-03-11,22353,16512,2637,3350,1542,612
Europe,None,None,2020-03-12,26552,19361,3102,3980,1880,718
Europe,None,None,2020-03-13,31258,22494,3614,4686,2266,833
Europe,None,None,2020-03-14,36493,25912,4175,5471,2707,958
Europe,None,None,2020-03-15,42259,29596,4784,6336,3204,1095
Europe,None,None,2020-03-16,48559,33527,5436,7282,3760,1239
Europe,None,None,2020-03-17,55413,37707,6133,8309,4379,1393
Europe,None,None,2020-03-18,62843,42150,6878,9424,5058,1556
Europe,None,None,2020-03-19,70828,46813,7663,10622,5802,1727
Europe,None,None,2020-03-20,79328,51640,8482,11896,6612,1904
Europe,None,None,2020-03-21,88318,56598,9329,13245,7485,2085
Europe,None,None,2020-03-22,97788,61667,10201,14665,8423,2270
Europe,None,None,2020-03-23,107705,66816,11093,16153,9422,2458
Europe,None,None,2020-03-24,118031,72001,11998,17701,10480,2648
Europe,None,None,2020-03-25,128709,77167,12908,19304,11597,2835
Europe,None,None,2020-03-26,139701,82278,13817,20952,12766,3020
Europe,None,None,2020-03-27,150955,87290,14719,22641,13984,3202
Europe,None,None,2020-03-28,162423,92167,15606,24360,15249,3377
Europe,None,None,2020-03-29,174060,96879,16473,26106,16553,3547
Europe,None,None,2020-03-30,185814,101386,17315,27869,17892,3709
Europe,None,None,2020-03-31,197633,105656,18125,29642,19262,3861
Europe,None,None,2020-04-01,209463,109651,18898,31416,20657,4004
Europe,None,None,2020-04-02,221262,113355,19629,33187,22070,4135
Europe,None,None,2020-04-03,232998,116758,20316,34947,23496,4254
Europe,None,None,2020-04-04,244630,119848,20958,36692,24931,4362
Europe,None,None,2020-04-05,256110,122596,21546,38414,26367,4458
Europe,None,None,2020-04-06,267400,124989,22081,40107,27802,4540
Europe,None,None,2020-04-07,278462,127015,22560,41767,29231,4608
Europe,None,None,2020-04-08,289281,128690,22981,43390,30648,4663
Europe,None,None,2020-04-09,299843,130023,23349,44974,32048,4706
Europe,None,None,2020-04-10,310121,131015,23661,46515,33428,4737
Europe,None,None,2020-04-11,320082,131656,23914,48010,34785,4753
Europe,None,None,2020-04-12,329694,131933,24107,49452,36116,4757
Europe,None,None,2020-04-13,338960,131876,24244,50841,37418,4748
Europe,None,None,2020-04-14,347892,131522,24329,52181,38686,4730
Europe,None,None,2020-04-15,356488,130892,24365,53471,39920,4700
Europe,None,None,2020-04-16,364734,129990,24353,54708,41116,4660
Europe,None,None,2020-04-17,372605,128807,24290,55888,42275,4611
Europe,None,None,2020-04-18,380094,127351,24177,57011,43396,4552
Europe,None,None,2020-04-19,387229,125667,24020,58082,44478,4484
Europe,None,None,2020-04-20,394025,123793,23827,59101,45516,4411
Europe,None,None,2020-04-21,400490,121744,23599,60071,46513,4330
Europe,None,None,2020-04-22,406617,119527,23335,60990,47469,4243
Europe,None,None,2020-04-23,412392,117133,23036,61856,48384,4152
Europe,None,None,2020-04-24,417829,114584,22704,62671,49259,4053
Europe,None,None,2020-04-25,422955,111922,22347,63440,50093,3952
Europe,None,None,2020-04-26,427794,109176,21968,64166,50886,3848
Europe,None,None,2020-04-27,432353,106360,21569,64850,51639,3741
Europe,None,None,2020-04-28,436633,103476,21152,65492,52354,3632
Europe,None,None,2020-04-29,440629,100520,20715,66091,53031,3521
Europe,None,None,2020-04-30,444352,97507,20261,66651,53674,3408
Europe,None,None,2020-05-01,447834,94471,19797,67172,54280,3295
Europe,None,None,2020-05-02,451092,91432,19323,67661,54852,3181
Europe,None,None,2020-05-03,454138,88401,18845,68118,55391,3069
Europe,None,None,2020-05-04,456977,85379,18360,68544,55898,2957
Europe,None,None,2020-05-05,459607,82363,17869,68938,56375,2845
Europe,None,None,2020-05-06,462041,79361,17374,69303,56823,2735
Europe,None,None,2020-05-07,464297,76394,16880,69642,57243,2626
Europe,None,None,2020-05-08,466394,73474,16386,69956,57637,2518
Europe,None,None,2020-05-09,468340,70609,15896,70248,58004,2413
Europe,None,None,2020-05-10,470141,67796,15409,70519,58349,2312
Europe,None,None,2020-05-11,471801,65037,14925,70767,58671,2210
Europe,None,None,2020-05-12,473326,62332,14445,70996,58971,2113
Europe,None,None,2020-05-13,474732,59694,13972,71207,59251,2017
Europe,None,None,2020-05-14,476030,57127,13506,71402,59511,1925
Europe,None,None,2020-05-15,477228,54635,13049,71581,59753,1835
Europe,None,None,2020-05-16,478330,52216,12599,71747,59979,1748
Europe,None,None,2020-05-17,479339,49868,12158,71898,60189,1664
Europe,None,None,2020-05-18,480264,47591,11725,72037,60383,1582
Europe,None,None,2020-05-19,481110,45391,11303,72164,60563,1504
Europe,None,None,2020-05-20,481887,43269,10890,72281,60730,1428
Europe,None,None,2020-05-21,482600,41224,10488,72387,60885,1356
Europe,None,None,2020-05-22,483253,39254,10097,72485,61028,1286
Europe,None,None,2020-05-23,483849,37359,9715,72575,61161,1219
Europe,None,None,2020-05-24,484392,35535,9345,72656,61283,1155
Europe,None,None,2020-05-25,484886,33783,8985,72730,61396,1094
Europe,None,None,2020-05-26,485337,32104,8635,72798,61500,1036
Europe,None,None,2020-05-27,485749,30496,8296,72860,61596,980
Europe,None,None,2020-05-28,486127,28957,7968,72916,61685,926
Europe,None,None,2020-05-29,486469,27484,7651,72967,61766,875
Europe,None,None,2020-05-30,486779,26076,7345,73015,61841,826
Europe,None,None,2020-05-31,487059,24729,7047,73056,61910,781
Europe,None,None,2020-06-01,487316,23444,6761,73094,61973,736
Europe,None,None,2020-06-02,487548,22220,6484,73129,62032,694
Europe,None,None,2020-06-03,487760,21053,6217,73161,62086,655
Europe,None,None,2020-06-04,487951,19941,5960,73190,62134,616
Europe,None,None,2020-06-05,488125,18882,5713,73216,62180,581
Europe,None,None,2020-06-06,488280,17875,5473,73240,62221,547
Europe,None,None,2020-06-07,488422,16917,5243,73260,62259,515
Europe,None,None,2020-06-08,488550,16006,5022,73279,62294,484
Europe,None,None,2020-06-09,488667,15141,4810,73297,62326,456
Europe,None,None,2020-06-10,488771,14321,4605,73313,62355,429
Europe,None,None,2020-06-11,488866,13542,4408,73327,62381,403
Europe,None,None,2020-06-12,488951,12803,4219,73340,62405,378
Europe,None,None,2020-06-13,489028,12102,4038,73351,62428,356
Europe,None,None,2020-06-14,489097,11437,3864,73361,62449,334
Europe,None,None,2020-06-15,489160,10808,3697,73371,62467,313
Europe,None,None,2020-06-16,489216,10211,3537,73380,62483,294
Europe,None,None,2020-06-17,489266,9647,3383,73388,62500,276
Europe,None,None,2020-06-18,489312,9113,3236,73395,62513,259
Europe,None,None,2020-06-19,489353,8607,3094,73400,62526,243
Europe,None,None,2020-06-20,489389,8128,2960,73406,62538,228
Europe,None,None,2020-06-21,489422,7675,2829,73411,62549,213
Europe,None,None,2020-06-22,489452,7248,2705,73415,62558,200
Europe,None,None,2020-06-23,489479,6843,2586,73419,62568,188
Europe,None,None,2020-06-24,489503,6461,2472,73422,62576,176
Europe,None,None,2020-06-25,489525,6099,2362,73426,62583,165
Europe,None,None,2020-06-26,489544,5758,2258,73429,62589,155
Europe,None,None,2020-06-27,489561,5436,2159,73431,62595,144
Europe,None,None,2020-06-28,489576,5132,2063,73434,62601,135
Europe,None,None,2020-06-29,489590,4844,1971,73436,62605,126
Europe,None,None,2020-06-30,489602,4572,1884,73438,62610,119
Europe,None,None,2020-07-01,489614,4316,1800,73439,62614,111
Europe,None,None,2020-07-02,489623,4074,1719,73441,62618,104
Europe,None,None,2020-07-03,489632,3846,1643,73442,62622,97
Europe,None,None,2020-07-04,489640,3631,1569,73443,62624,91
Europe,None,None,2020-07-05,489646,3427,1499,73445,62628,85
Europe,None,None,2020-07-06,489653,3236,1433,73445,62630,79
Europe,None,None,2020-07-07,489659,3054,1369,73446,62632,74
Europe,None,None,2020-07-08,489663,2884,1307,73447,62634,70
Europe,None,None,2020-07-09,489668,2722,1249,73447,62636,65
Europe,None,None,2020-07-10,489672,2570,1193,73448,62638,61
Europe,None,None,2020-07-11,489676,2427,1139,73449,62640,56
Europe,None,None,2020-07-12,489678,2292,1088,73450,62641,53
Europe,None,None,2020-07-13,489682,2164,1040,73450,62642,49
Europe,None,None,2020-07-14,489684,2045,993,73450,62643,46
Europe,None,None,2020-07-15,489686,1931,947,73450,62644,44
Europe,None,None,2020-07-16,489688,1824,905,73451,62645,40
Europe,None,None,2020-07-17,489690,1723,864,73451,62646,38
Europe,None,None,2020-07-18,489692,1628,825,73451,62647,35
Europe,None,None,2020-07-19,489693,1537,789,73451,62647,33
Europe,None,None,2020-07-20,489694,1453,753,73451,62648,31
Europe,None,None,2020-07-21,489696,1372,719,73451,62648,29
Europe,None,None,2020-07-22,489696,1297,687,73452,62649,26
Europe,None,None,2020-07-23,489697,1226,656,73452,62649,25
Europe,None,None,2020-07-24,489698,1158,626,73452,62650,23
Europe,None,None,2020-07-25,489698,1095,598,73452,62650,22
Europe,None,None,2020-07-26,489699,1036,571,73452,62651,21
Europe,None,None,2020-07-27,489699,979,545,73452,62652,19
Europe,None,None,2020-07-28,489700,926,521,73452,62652,18
Europe,None,None,2020-07-29,489700,875,497,73452,62652,17
Europe,None,None,2020-07-30,489701,828,474,73452,62652,16
Europe,None,None,2020-07-31,489702,783,453,73452,62653,14
Europe,None,None,2020-08-01,489702,740,433,73452,62653,14
Europe,None,None,2020-08-02,489702,701,414,73452,62653,12
Europe,None,None,2020-08-03,489702,663,395,73452,62653,12
Europe,None,None,2020-08-04,489702,627,377,73452,62653,11
Europe,None,None,2020-08-05,489703,593,360,73452,62653,10
Europe,None,None,2020-08-06,489703,562,343,73452,62653,10
Europe,None,None,2020-08-07,489703,531,328,73452,62654,9
Europe,None,None,2020-08-08,489703,503,314,73452,62654,9
Europe,None,None,2020-08-09,489703,476,299,73452,62654,7
Europe,None,None,2020-08-10,489703,452,285,73452,62654,7
Europe,None,None,2020-08-11,489703,428,273,73452,62654,7
Europe,None,None,2020-08-12,489703,404,260,73452,62654,7
Europe,None,None,2020-08-13,489703,384,249,73452,62654,6
Europe,None,None,2020-08-14,489703,363,237,73452,62654,5
Europe,None,None,2020-08-15,489703,344,227,73453,62654,5
Europe,None,None,2020-08-16,489703,326,216,73453,62654,5
Europe,None,None,2020-08-17,489703,309,206,73453,62654,5
Europe,None,None,2020-08-18,489703,292,198,73453,62654,4
Europe,None,None,2020-08-19,489703,277,189,73453,62654,4
Europe,None,None,2020-08-20,489703,263,180,73453,62654,4
Europe,None,None,2020-08-21,489704,249,172,73453,62654,3
Europe,None,None,2020-08-22,489704,237,164,73453,62654,3
Europe,None,None,2020-08-23,489704,224,156,73453,62654,3
Europe,None,None,2020-08-24,489704,213,150,73453,62654,3
Europe,None,None,2020-08-25,489704,202,143,73453,62654,2
Europe,None,None,2020-08-26,489704,191,137,73453,62654,2
Europe,None,None,2020-08-27,489704,181,131,73453,62654,2
Europe,None,None,2020-08-28,489704,172,125,73453,62654,2
Europe,None,None,2020-08-29,489704,163,119,73453,62654,2
Europe,None,None,2020-08-30,489704,155,114,73453,62654,2
Europe,None,None,2020-08-31,489704,147,108,73453,62654,2
Europe,None,None,2020-09-01,489704,140,104,73453,62654,2
Europe,Spain,None,2020-03-02,120,120,18,18,0,4
Europe,Spain,None,2020-03-03,318,300,46,48,6,11
Europe,Spain,None,2020-03-04,523,472,72,78,16,18
Europe,Spain,None,2020-03-05,779,680,105,117,30,25
Europe,Spain,None,2020-03-06,1149,982,152,172,49,37
Europe,Spain,None,2020-03-07,1701,1436,223,255,76,53
Europe,Spain,None,2020-03-08,2465,2057,321,370,115,77
Europe,Spain,None,2020-03-09,3449,2843,444,517,169,106
Europe,Spain,None,2020-03-10,4663,3787,594,699,240,141
Europe,Spain,None,2020-03-11,6123,4897,770,918,331,182
Europe,Spain,None,2020-03-12,7855,6183,976,1178,445,230
Europe,Spain,None,2020-03-13,9877,7652,1212,1482,582,284
Europe,Spain,None,2020-03-14,12212,9311,1480,1832,747,345
Europe,Spain,None,2020-03-15,14874,11162,1781,2231,941,414
Europe,Spain,None,2020-03-16,17870,13195,2113,2681,1167,489
Europe,Spain,None,2020-03-17,21217,15414,2477,3182,1427,571
Europe,Spain,None,2020-03-18,24927,17822,2875,3739,1720,659
Europe,Spain,None,2020-03-19,28987,20390,3301,4348,2050,754
Europe,Spain,None,2020-03-20,33383,23093,3753,5007,2418,853
Europe,Spain,None,2020-03-21,38109,25918,4228,5716,2822,957
Europe,Spain,None,2020-03-22,43161,28853,4726,6474,3264,1064
Europe,Spain,None,2020-03-23,48504,31861,5239,7276,3741,1174
Europe,Spain,None,2020-03-24,54110,34906,5764,8116,4254,1286
Europe,Spain,None,2020-03-25,59953,37964,6295,8993,4801,1397
Europe,Spain,None,2020-03-26,66014,41018,6831,9902,5379,1508
Europe,Spain,None,2020-03-27,72257,44035,7366,10839,5985,1618
Europe,Spain,None,2020-03-28,78643,46981,7894,11796,6619,1724
Europe,Spain,None,2020-03-29,85136,49828,8411,12770,7275,1827
Europe,Spain,None,2020-03-30,91708,52557,8914,13756,7952,1925
Europe,Spain,None,2020-03-31,98330,55151,9400,14749,8646,2018
Europe,Spain,None,2020-04-01,104962,57580,9864,15744,9354,2105
Europe,Spain,None,2020-04-02,111578,59835,10303,16737,10071,2185
Europe,Spain,None,2020-04-03,118156,61907,10716,17723,10794,2258
Europe,Spain,None,2020-04-04,124669,63787,11101,18700,11520,2324
Europe,Spain,None,2020-04-05,131088,65460,11454,19663,12245,2383
Europe,Spain,None,2020-04-06,137383,66910,11774,20607,12968,2432
Europe,Spain,None,2020-04-07,143526,68123,12058,21529,13686,2473
Europe,Spain,None,2020-04-08,149511,69114,12306,22427,14395,2506
Europe,Spain,None,2020-04-09,155334,69896,12521,23300,15092,2531
Europe,Spain,None,2020-04-10,160982,70473,12703,24147,15775,2549
Europe,Spain,None,2020-04-11,166438,70841,12850,24966,16442,2558
Europe,Spain,None,2020-04-12,171677,70989,12960,25752,17093,2560
Europe,Spain,None,2020-04-13,176699,70930,13036,26505,17725,2554
Europe,Spain,None,2020-04-14,181512,70689,13080,27227,18336,2542
Europe,Spain,None,2020-04-15,186118,70281,13094,27918,18926,2523
Europe,Spain,None,2020-04-16,190511,69712,13080,28577,19492,2498
Europe,Spain,None,2020-04-17,194680,68980,13036,29202,20037,2468
Europe,Spain,None,2020-04-18,198622,68090,12963,29793,20559,2432
Europe,Spain,None,2020-04-19,202352,67068,12864,30353,21058,2391
Europe,Spain,None,2020-04-20,205880,65937,12744,30882,21532,2347
Europe,Spain,None,2020-04-21,209213,64707,12604,31382,21982,2299
Europe,Spain,None,2020-04-22,212349,63383,12444,31852,22409,2247
Europe,Spain,None,2020-04-23,215282,61963,12264,32292,22813,2193
Europe,Spain,None,2020-04-24,218023,60462,12066,32703,23196,2135
Europe,Spain,None,2020-04-25,220588,58903,11854,33088,23556,2076
Europe,Spain,None,2020-04-26,222990,57302,11631,33448,23894,2015
Europe,Spain,None,2020-04-27,225233,55666,11397,33785,24211,1953
Europe,Spain,None,2020-04-28,227320,53997,11153,34098,24508,1890
Europe,Spain,None,2020-04-29,229250,52295,10899,34387,24786,1826
Europe,Spain,None,2020-04-30,231037,50576,10638,34656,25047,1762
Europe,Spain,None,2020-05-01,232695,48854,10372,34904,25289,1698
Europe,Spain,None,2020-05-02,234233,47138,10102,35135,25514,1634
Europe,Spain,None,2020-05-03,235656,45432,9830,35348,25723,1571
Europe,Spain,None,2020-05-04,236967,43736,9555,35545,25917,1508
Europe,Spain,None,2020-05-05,238169,42051,9278,35725,26097,1446
Europe,Spain,None,2020-05-06,239275,40389,9001,35891,26263,1385
Europe,Spain,None,2020-05-07,240292,38756,8726,36044,26417,1325
Europe,Spain,None,2020-05-08,241228,37157,8452,36184,26558,1266
Europe,Spain,None,2020-05-09,242088,35593,8181,36313,26688,1209
Europe,Spain,None,2020-05-10,242873,34063,7913,36431,26808,1154
Europe,Spain,None,2020-05-11,243588,32568,7647,36538,26919,1099
Europe,Spain,None,2020-05-12,244241,31114,7385,36636,27020,1047
Europe,Spain,None,2020-05-13,244838,29704,7128,36726,27112,996
Europe,Spain,None,2020-05-14,245384,28339,6876,36808,27197,947
Europe,Spain,None,2020-05-15,245882,27018,6630,36882,27274,900
Europe,Spain,None,2020-05-16,246334,25741,6388,36950,27345,854
Europe,Spain,None,2020-05-17,246742,24506,6152,37011,27410,810
Europe,Spain,None,2020-05-18,247114,23316,5921,37067,27469,767
Europe,Spain,None,2020-05-19,247451,22173,5697,37118,27522,727
Europe,Spain,None,2020-05-20,247758,21075,5479,37164,27571,688
Europe,Spain,None,2020-05-21,248036,20021,5267,37205,27615,651
Europe,Spain,None,2020-05-22,248287,19009,5061,37243,27655,615
Europe,Spain,None,2020-05-23,248513,18039,4861,37277,27692,581
Europe,Spain,None,2020-05-24,248717,17111,4668,37307,27725,549
Europe,Spain,None,2020-05-25,248901,16225,4481,37335,27755,518
Europe,Spain,None,2020-05-26,249068,15378,4299,37360,27782,489
Europe,Spain,None,2020-05-27,249218,14571,4124,37383,27806,461
Europe,Spain,None,2020-05-28,249354,13800,3955,37403,27828,434
Europe,Spain,None,2020-05-29,249475,13065,3792,37421,27848,409
Europe,Spain,None,2020-05-30,249584,12366,3635,37438,27866,385
Europe,Spain,None,2020-05-31,249681,11700,3483,37452,27882,363
Europe,Spain,None,2020-06-01,249770,11068,3337,37465,27896,341
Europe,Spain,None,2020-06-02,249849,10467,3196,37477,27909,321
Europe,Spain,None,2020-06-03,249920,9896,3061,37488,27921,302
Europe,Spain,None,2020-06-04,249983,9354,2931,37497,27931,283
Europe,Spain,None,2020-06-05,250040,8839,2806,37506,27941,266
Europe,Spain,None,2020-06-06,250090,8352,2685,37514,27949,250
Europe,Spain,None,2020-06-07,250136,7890,2570,37520,27957,235
Europe,Spain,None,2020-06-08,250176,7452,2459,37526,27964,220
Europe,Spain,None,2020-06-09,250213,7037,2353,37532,27970,207
Europe,Spain,None,2020-06-10,250245,6645,2250,37537,27975,194
Europe,Spain,None,2020-06-11,250274,6273,2152,37541,27980,182
Europe,Spain,None,2020-06-12,250299,5922,2058,37545,27984,170
Europe,Spain,None,2020-06-13,250322,5590,1968,37548,27988,160
Europe,Spain,None,2020-06-14,250343,5276,1882,37551,27992,150
Europe,Spain,None,2020-06-15,250361,4979,1799,37554,27995,140
Europe,Spain,None,2020-06-16,250377,4698,1720,37557,27997,131
Europe,Spain,None,2020-06-17,250391,4433,1644,37559,28000,123
Europe,Spain,None,2020-06-18,250404,4183,1572,37561,28002,115
Europe,Spain,None,2020-06-19,250415,3947,1502,37562,28004,108
Europe,Spain,None,2020-06-20,250425,3724,1436,37564,28006,101
Europe,Spain,None,2020-06-21,250434,3513,1372,37565,28007,94
Europe,Spain,None,2020-06-22,250442,3315,1311,37566,28008,88
Europe,Spain,None,2020-06-23,250449,3127,1253,37567,28010,83
Europe,Spain,None,2020-06-24,250455,2950,1197,37568,28011,77
Europe,Spain,None,2020-06-25,250461,2783,1143,37569,28012,72
Europe,Spain,None,2020-06-26,250466,2626,1092,37570,28012,68
Europe,Spain,None,2020-06-27,250470,2478,1044,37570,28013,63
Europe,Spain,None,2020-06-28,250474,2338,997,37571,28014,59
Europe,Spain,None,2020-06-29,250477,2206,952,37572,28014,55
Europe,Spain,None,2020-06-30,250480,2081,910,37572,28015,52
Europe,Spain,None,2020-07-01,250483,1964,869,37572,28015,48
Europe,Spain,None,2020-07-02,250485,1853,830,37573,28016,45
Europe,Spain,None,2020-07-03,250487,1749,793,37573,28016,42
Europe,Spain,None,2020-07-04,250489,1651,757,37573,28016,39
Europe,Spain,None,2020-07-05,250490,1558,723,37574,28017,37
Europe,Spain,None,2020-07-06,250492,1471,691,37574,28017,34
Europe,Spain,None,2020-07-07,250493,1388,660,37574,28017,32
Europe,Spain,None,2020-07-08,250494,1311,630,37574,28017,30
Europe,Spain,None,2020-07-09,250495,1237,602,37574,28017,28
Europe,Spain,None,2020-07-10,250496,1168,575,37574,28018,26
Europe,Spain,None,2020-07-11,250497,1103,549,37575,28018,24
Europe,Spain,None,2020-07-12,250497,1042,524,37575,28018,23
Europe,Spain,None,2020-07-13,250498,984,501,37575,28018,21
Europe,Spain,None,2020-07-14,250498,930,478,37575,28018,20
Europe,Spain,None,2020-07-15,250499,878,456,37575,28018,19
Europe,Spain,None,2020-07-16,250499,830,436,37575,28018,17
Europe,Spain,None,2020-07-17,250500,784,416,37575,28018,16
Europe,Spain,None,2020-07-18,250500,741,397,37575,28018,15
Europe,Spain,None,2020-07-19,250500,700,380,37575,28018,14
Europe,Spain,None,2020-07-20,250500,662,362,37575,28018,13
Europe,Spain,None,2020-07-21,250501,625,346,37575,28018,12
Europe,Spain,None,2020-07-22,250501,591,331,37575,28018,11
Europe,Spain,None,2020-07-23,250501,559,316,37575,28018,11
Europe,Spain,None,2020-07-24,250501,528,301,37575,28018,10
Europe,Spain,None,2020-07-25,250501,500,288,37575,28018,9
Europe,Spain,None,2020-07-26,250501,473,275,37575,28019,9
Europe,Spain,None,2020-07-27,250501,447,262,37575,28019,8
Europe,Spain,None,2020-07-28,250501,423,251,37575,28019,8
Europe,Spain,None,2020-07-29,250501,400,239,37575,28019,7
Europe,Spain,None,2020-07-30,250502,379,228,37575,28019,7
Europe,Spain,None,2020-07-31,250502,358,218,37575,28019,6
Europe,Spain,None,2020-08-01,250502,339,208,37575,28019,6
Europe,Spain,None,2020-08-02,250502,321,199,37575,28019,5
Europe,Spain,None,2020-08-03,250502,304,190,37575,28019,5
Europe,Spain,None,2020-08-04,250502,288,181,37575,28019,5
Europe,Spain,None,2020-08-05,250502,272,173,37575,28019,4
Europe,Spain,None,2020-08-06,250502,258,165,37575,28019,4
Europe,Spain,None,2020-08-07,250502,244,158,37575,28019,4
Europe,Spain,None,2020-08-08,250502,231,151,37575,28019,4
Europe,Spain,None,2020-08-09,250502,219,144,37575,28019,3
Europe,Spain,None,2020-08-10,250502,208,137,37575,28019,3
Europe,Spain,None,2020-08-11,250502,197,131,37575,28019,3
Europe,Spain,None,2020-08-12,250502,186,125,37575,28019,3
Europe,Spain,None,2020-08-13,250502,177,120,37575,28019,3
Europe,Spain,None,2020-08-14,250502,167,114,37575,28019,2
Europe,Spain,None,2020-08-15,250502,159,109,37575,28019,2
Europe,Spain,None,2020-08-16,250502,151,104,37575,28019,2
Europe,Spain,None,2020-08-17,250502,143,99,37575,28019,2
Europe,Spain,None,2020-08-18,250502,135,95,37575,28019,2
Europe,Spain,None,2020-08-19,250502,128,91,37575,28019,2
Europe,Spain,None,2020-08-20,250502,122,87,37575,28019,2
Europe,Spain,None,2020-08-21,250502,115,83,37575,28019,1
Europe,Spain,None,2020-08-22,250502,110,79,37575,28019,1
Europe,Spain,None,2020-08-23,250502,104,75,37575,28019,1
Europe,Spain,None,2020-08-24,250502,99,72,37575,28019,1
Europe,Spain,None,2020-08-25,250502,94,69,37575,28019,1
Europe,Spain,None,2020-08-26,250502,89,66,37575,28019,1
Europe,Spain,None,2020-08-27,250502,84,63,37575,28019,1
Europe,Spain,None,2020-08-28,250502,80,60,37575,28019,1
Europe,Spain,None,2020-08-29,250502,76,57,37575,28019,1
Europe,Spain,None,2020-08-30,250502,72,55,37575,28019,1
Europe,Spain,None,2020-08-31,250502,68,52,37575,28019,1
Europe,Spain,None,2020-09-01,250502,65,50,37575,28019,1
None,None,None,2020-02-21,112,100,15,15,2,4
None,None,None,2020-02-22,123,104,16,17,2,4
None,None,None,2020-02-23,288,245,38,39,6,9
None,None,None,2020-02-24,491,423,65,69,11,16
None,None,None,2020-02-25,689,585,91,99,20,21
None,None,None,2020-02-26,904,752,117,131,32,28
None,None,None,2020-02-27,1151,937,146,168,49,35
None,None,None,2020-02-28,1443,1152,181,212,68,42
None,None,None,2020-02-29,1804,1420,223,266,92,53
None,None,None,2020-03-01,2285,1784,282,338,122,66
None,None,None,2020-03-02,3062,2412,380,455,160,89
None,None,None,2020-03-03,4108,3250,512,612,216,121
None,None,None,2020-03-04,5346,4211,663,797,289,157
None,None,None,2020-03-05,6812,5323,840,1018,380,198
None,None,None,2020-03-06,8569,6635,1049,1280,494,247
None,None,None,2020-03-07,10794,8214,1301,1600,651,305
None,None,None,2020-03-08,13435,10173,1615,1997,823,378
None,None,None,2020-03-09,16653,12542,1994,2478,1038,467
None,None,None,2020-03-10,20414,15266,2431,3042,1292,566
None,None,None,2020-03-11,24621,18222,2908,3673,1594,676
None,None,None,2020-03-12,29431,21548,3449,4395,1948,798
None,None,None,2020-03-13,35088,25459,4084,5244,2354,944
None,None,None,2020-03-14,41708,30008,4821,6235,2829,1109
None,None,None,2020-03-15,49106,34990,5638,7344,3366,1295
None,None,None,2020-03-16,57896,40927,6605,8656,3986,1514
None,None,None,2020-03-17,68077,47828,7731,10181,4681,1768
None,None,None,2020-03-18,79742,55687,9016,11929,5456,2057
None,None,None,2020-03-19,93264,64777,10497,13951,6336,2391
None,None,None,2020-03-20,108657,75032,12180,16251,7313,2775
None,None,None,2020-03-21,125969,86459,14061,18844,8395,3196
None,None,None,2020-03-22,145150,98898,16118,21715,9578,3650
None,None,None,2020-03-23,166713,112835,18420,24943,10868,4167
None,None,None,2020-03-24,190518,127995,20939,28516,12271,4722
None,None,None,2020-03-25,217035,144725,23727,32484,13804,5337
None,None,None,2020-03-26,245985,162737,26735,36821,15444,6003
None,None,None,2020-03-27,277857,182398,30033,41599,17210,6725
None,None,None,2020-03-28,312484,203420,33571,46798,19096,7492
None,None,None,2020-03-29,350600,226445,37448,52510,21105,8337
None,None,None,2020-03-30,391929,251073,41615,58703,23238,9239
None,None,None,2020-03-31,436556,277305,46065,65397,25493,10197
None,None,None,2020-04-01,484599,305134,50808,72605,27874,11222
None,None,None,2020-04-02,536338,334751,55864,80365,30375,12302
None,None,None,2020-04-03,591889,366163,61254,88698,32989,13451
None,None,None,2020-04-04,651260,399258,66944,97608,35730,14660
None,None,None,2020-04-05,714446,433929,72930,107081,38575,15929
None,None,None,2020-04-06,781523,470152,79208,117143,41538,17249
None,None,None,2020-04-07,852548,507904,85783,127794,44604,18623
None,None,None,2020-04-08,927461,547036,92616,139033,47777,20049
None,None,None,2020-04-09,1006147,587348,99698,150839,51046,21514
None,None,None,2020-04-10,1088518,628684,106993,163193,54407,23017
None,None,None,2020-04-11,1174518,670938,114489,176097,57857,24548
None,None,None,2020-04-12,1264040,713957,122161,189522,61392,26108
None,None,None,2020-04-13,1356859,757460,129965,203445,65017,27682
None,None,None,2020-04-14,1452765,801233,137869,217835,68707,29265
None,None,None,2020-04-15,1551600,845109,145848,232657,72460,30851
None,None,None,2020-04-16,1653203,888948,153877,247899,76281,32425
None,None,None,2020-04-17,1757346,932529,161916,263517,80152,33996
None,None,None,2020-04-18,1863648,975505,169904,279466,84084,35538
None,None,None,2020-04-19,1971785,1017585,177812,295683,88061,37049
None,None,None,2020-04-20,2081510,1058585,185591,312143,92081,38518
None,None,None,2020-04-21,2192645,1098422,193236,328816,96127,39934
None,None,None,2020-04-22,2304965,1136970,200704,345660,100210,41303
None,None,None,2020-04-23,2418083,1173937,207969,362625,104310,42618
None,None,None,2020-04-24,2531618,1209030,214958,379660,108436,43853
None,None,None,2020-04-25,2645256,1242076,221664,396705,112570,45016
None,None,None,2020-04-26,2758803,1272998,228054,413739,116711,46101
None,None,None,2020-04-27,2872017,1301732,234105,430717,120849,47100
None,None,None,2020-04-28,2984682,1328210,239817,447621,124987,48018
None,None,None,2020-04-29,3096437,1352209,245140,464379,129121,48842
None,None,None,2020-04-30,3206978,1373588,250052,480962,133239,49567
None,None,None,2020-05-01,3316106,1392324,254543,497334,137339,50194
None,None,None,2020-05-02,3423657,1408425,258607,513465,141413,50727
None,None,None,2020-05-03,3529440,1421875,262228,529331,145469,51158
None,None,None,2020-05-04,3633259,1432653,265409,544907,149485,51497
None,None,None,2020-05-05,3734905,1440722,268132,560156,153472,51731
None,None,None,2020-05-06,3834152,1446010,270384,575037,157411,51863
None,None,None,2020-05-07,3930947,1448662,272185,589561,161314,51905
None,None,None,2020-05-08,4025249,1448805,273548,603703,165166,51849
None,None,None,2020-05-09,4116977,1446524,274471,617462,168968,51708
None,None,None,2020-05-10,4205993,1441847,274966,630811,172715,51483
None,None,None,2020-05-11,4292139,1434746,275023,643734,176411,51164
None,None,None,2020-05-12,4375305,1425245,274653,656213,180046,50761
None,None,None,2020-05-13,4455502,1413528,273858,668244,183623,50280
None,None,None,2020-05-14,4532790,1399787,272685,679835,187125,49725
None,None,None,2020-05-15,4607228,1384208,271154,690994,190572,49107
None,None,None,2020-05-16,4678771,1366881,269269,701732,193941,48424
None,None,None,2020-05-17,4747342,1347817,267043,712017,197246,47683
None,None,None,2020-05-18,4812883,1327049,264472,721847,200473,46875
None,None,None,2020-05-19,4875476,1304769,261597,731240,203638,46022
None,None,None,2020-05-20,4935278,1281228,258437,740210,206720,45123
None,None,None,2020-05-21,4992366,1256597,255039,748772,209733,44187
None,None,None,2020-05-22,5046791,1230977,251400,756934,212670,43218
None,None,None,2020-05-23,5098508,1204403,247540,764696,215531,42211
None,None,None,2020-05-24,5147510,1176869,243453,772043,218315,41183
None,None,None,2020-05-25,5193918,1148584,239176,779003,221022,40122
None,None,None,2020-05-26,5237886,1119751,234734,785599,223655,39046
None,None,None,2020-05-27,5279549,1090517,230165,791849,226217,37959
None,None,None,2020-05-28,5318972,1060993,225479,797762,228691,36858
None,None,None,2020-05-29,5356173,1031200,220676,803344,231102,35758
None,None,None,2020-05-30,5391156,1001150,215779,808593,233435,34650
None,None,None,2020-05-31,5424038,970954,210790,813526,235693,33536
None,None,None,2020-06-01,5454962,940774,205741,818161,237871,32428
None,None,None,2020-06-02,5484057,910732,200656,822521,239990,31330
None,None,None,2020-06-03,5511412,880919,195554,826628,242031,30237
None,None,None,2020-06-04,5537066,851348,190427,830470,243999,29156
None,None,None,2020-06-05,5561055,822010,185301,834075,245903,28088
None,None,None,2020-06-06,5583439,792984,180165,837435,247741,27036
None,None,None,2020-06-07,5604343,764339,175044,840567,249508,25999
None,None,None,2020-06-08,5623890,736176,169963,843498,251219,24980
None,None,None,2020-06-09,5642152,708551,164924,846238,252861,23988
None,None,None,2020-06-10,5659196,681485,159936,848796,254444,23008
None,None,None,2020-06-11,5675044,654955,154999,851171,255965,22054
None,None,None,2020-06-12,5689749,628987,150121,853379,257427,21124
None,None,None,2020-06-13,5703408,603618,145314,855425,258831,20219
None,None,None,2020-06-14,5716096,578900,140578,857332,260184,19337
None,None,None,2020-06-15,5727885,554866,135926,859099,261481,18484
None,None,None,2020-06-16,5738829,531512,131367,860740,262725,17654
None,None,None,2020-06-17,5748958,508824,126894,862261,263919,16849
None,None,None,2020-06-18,5758317,486803,122508,863664,265066,16071
None,None,None,2020-06-19,5766962,465465,118219,864964,266162,15321
None,None,None,2020-06-20,5774951,444820,114028,866160,267212,14592
None,None,None,2020-06-21,5782336,424877,109941,867263,268216,13897
None,None,None,2020-06-22,5789161,405634,105959,868290,269184,13220
None,None,None,2020-06-23,5795448,387061,102070,869238,270106,12573
None,None,None,2020-06-24,5801232,369150,98298,870097,270989,11951
None,None,None,2020-06-25,5806549,351904,94614,870899,271833,11354
None,None,None,2020-06-26,5811434,335304,91043,871631,272636,10775
None,None,None,2020-06-27,5815936,319362,87578,872310,273411,10226
None,None,None,2020-06-28,5820076,304059,84213,872927,274146,9701
None,None,None,2020-06-29,5823877,289370,80954,873500,274851,9193
None,None,None,2020-06-30,5827363,275284,77796,874023,275524,8714
None,None,None,2020-07-01,5830551,261774,74734,874496,276162,8254
None,None,None,2020-07-02,5833465,248839,71778,874940,276778,7811
None,None,None,2020-07-03,5836139,236463,68915,875338,277364,7390
None,None,None,2020-07-04,5838587,224627,66157,875706,277920,6990
None,None,None,2020-07-05,5840832,213324,63487,876044,278454,6614
None,None,None,2020-07-06,5842878,202526,60910,876348,278957,6250
None,None,None,2020-07-07,5844745,192214,58422,876631,279444,5904
None,None,None,2020-07-08,5846452,182376,56030,876883,279904,5577
None,None,None,2020-07-09,5848002,172988,53713,877117,280341,5258
None,None,None,2020-07-10,5849415,164044,51490,877329,280762,4967
None,None,None,2020-07-11,5850708,155537,49345,877522,281158,4685
None,None,None,2020-07-12,5851889,147427,47287,877700,281540,4420
None,None,None,2020-07-13,5852963,139715,45301,877860,281899,4170
None,None,None,2020-07-14,5853933,132372,43393,878010,282248,3928
None,None,None,2020-07-15,5854810,125390,41552,878139,282581,3693
None,None,None,2020-07-16,5855620,118751,39793,878259,282887,3481
None,None,None,2020-07-17,5856348,112449,38091,878368,283186,3284
None,None,None,2020-07-18,5857014,106464,36468,878468,283470,3086
None,None,None,2020-07-19,5857616,100776,34905,878558,283738,2907
None,None,None,2020-07-20,5858157,95386,33406,878639,283991,2731
None,None,None,2020-07-21,5858652,90264,31965,878712,284232,2573
None,None,None,2020-07-22,5859098,85407,30583,878782,284465,2417
None,None,None,2020-07-23,5859503,80802,29259,878841,284689,2278
None,None,None,2020-07-24,5859869,76438,27985,878900,284896,2138
None,None,None,2020-07-25,5860201,72303,26768,878946,285096,2011
None,None,None,2020-07-26,5860498,68383,25604,878991,285287,1890
None,None,None,2020-07-27,5860773,64669,24480,879029,285467,1775
None,None,None,2020-07-28,5861016,61153,23409,879065,285641,1666
None,None,None,2020-07-29,5861238,57821,22379,879099,285804,1564
None,None,None,2020-07-30,5861438,54677,21396,879129,285957,1468
None,None,None,2020-07-31,5861615,51695,20458,879156,286109,1378
None,None,None,2020-08-01,5861780,48871,19550,879181,286246,1293
None,None,None,2020-08-02,5861924,46199,18692,879205,286379,1210
None,None,None,2020-08-03,5862062,43672,17863,879224,286507,1139
None,None,None,2020-08-04,5862178,41293,17074,879239,286621,1068
None,None,None,2020-08-05,5862279,39026,16317,879254,286736,1000
None,None,None,2020-08-06,5862378,36889,15587,879269,286851,941
None,None,None,2020-08-07,5862464,34874,14897,879283,286946,881
None,None,None,2020-08-08,5862537,32966,14229,879296,287051,824
None,None,None,2020-08-09,5862610,31159,13599,879304,287145,772
None,None,None,2020-08-10,5862668,29456,12991,879314,287231,726
None,None,None,2020-08-11,5862729,27840,12417,879321,287318,681
None,None,None,2020-08-12,5862779,26315,11861,879328,287398,635
None,None,None,2020-08-13,5862824,24885,11332,879334,287473,595
None,None,None,2020-08-14,5862866,23520,10818,879343,287545,560
None,None,None,2020-08-15,5862903,22237,10338,879348,287611,523
None,None,None,2020-08-16,5862935,21019,9877,879354,287678,490
None,None,None,2020-08-17,5862962,19874,9436,879359,287743,457
None,None,None,2020-08-18,5862991,18787,9011,879363,287799,432
None,None,None,2020-08-19,5863013,17767,8607,879366,287861,403
None,None,None,2020-08-20,5863038,16797,8220,879367,287909,378
None,None,None,2020-08-21,5863056,15886,7850,879371,287963,354
None,None,None,2020-08-22,5863069,15023,7496,879372,288011,328
None,None,None,2020-08-23,5863089,14207,7160,879374,288056,312
None,None,None,2020-08-24,5863099,13437,6840,879376,288098,293
None,None,None,2020-08-25,5863113,12710,6531,879380,288140,272
None,None,None,2020-08-26,5863125,12021,6239,879381,288178,252
None,None,None,2020-08-27,5863133,11370,5955,879383,288213,240
None,None,None,2020-08-28,5863140,10759,5687,879385,288249,221
None,None,None,2020-08-29,5863148,10180,5433,879389,288283,209
None,None,None,2020-08-30,5863155,9631,5189,879391,288313,197
None,None,None,2020-08-31,5863161,9113,4953,879391,288349,182
None,None,None,2020-09-01,5863163,8623,4729,879391,288374,169
North America,None,None,2020-03-07,102,6,1,1,16,0
North America,None,None,2020-03-08,213,116,18,18,16,4
North America,None,None,2020-03-09,483,366,56,57,21,15
North America,None,None,2020-03-10,858,704,108,113,27,26
North America,None,None,2020-03-11,1218,1002,154,167,37,38
North America,None,None,2020-03-12,1689,1388,215,238,51,51
North America,None,None,2020-03-13,2336,1916,298,335,69,72
North America,None,None,2020-03-14,3299,2703,421,478,100,99
North America,None,None,2020-03-15,4488,3661,573,656,136,136
North America,None,None,2020-03-16,6463,5276,826,944,195,196
North America,None,None,2020-03-17,9021,7381,1157,1327,265,274
North America,None,None,2020-03-18,12104,9849,1548,1788,354,365
North America,None,None,2020-03-19,16235,13146,2066,2401,480,486
North America,None,None,2020-03-20,21423,17223,2712,3170,635,642
North America,None,None,2020-03-21,27651,22052,3485,4101,827,822
North America,None,None,2020-03-22,34787,27414,4348,5166,1054,1016
North America,None,None,2020-03-23,43288,33773,5368,6434,1319,1255
North America,None,None,2020-03-24,52982,40850,6516,7891,1635,1513
North America,None,None,2020-03-25,64320,49003,7844,9581,2016,1815
North America,None,None,2020-03-26,76969,57926,9298,11474,2442,2148
North America,None,None,2020-03-27,91395,67988,10951,13634,2938,2518
North America,None,None,2020-03-28,107362,78872,12744,16036,3494,2917
North America,None,None,2020-03-29,125521,91157,14772,18753,4126,3369
North America,None,None,2020-03-30,145527,104419,16973,21748,4833,3856
North America,None,None,2020-03-31,167444,118672,19347,25034,5616,4378
North America,None,None,2020-04-01,191341,133904,21901,28621,6481,4942
North America,None,None,2020-04-02,217389,150230,24642,32527,7431,5540
North America,None,None,2020-04-03,245602,167592,27582,36760,8461,6176
North America,None,None,2020-04-04,275987,185922,30691,41322,9583,6848
North America,None,None,2020-04-05,308543,205165,33974,46200,10786,7555
North America,None,None,2020-04-06,343274,225271,37419,51410,12080,8290
North America,None,None,2020-04-07,380157,246166,41023,56939,13452,9052
North America,None,None,2020-04-08,419131,267746,44756,62788,14914,9838
North America,None,None,2020-04-09,460143,289915,48623,68943,16452,10645
North America,None,None,2020-04-10,503116,312566,52592,75389,18069,11469
North America,None,None,2020-04-11,547972,335596,56656,82119,19758,12304
North America,None,None,2020-04-12,594611,358887,60792,89112,21521,13150
North America,None,None,2020-04-13,642928,382311,64981,96359,23360,13998
North America,None,None,2020-04-14,692817,405780,69208,103847,25257,14847
North America,None,None,2020-04-15,744180,429194,73462,111548,27204,15695
North America,None,None,2020-04-16,796881,452436,77717,119455,29216,16528
North America,None,None,2020-04-17,850773,475367,81953,127535,31268,17355
North America,None,None,2020-04-18,905691,497860,86139,135776,33373,18160
North America,None,None,2020-04-19,961476,519783,90274,144141,35515,18949
North America,None,None,2020-04-20,1017995,541034,94320,152620,37697,19710
North America,None,None,2020-04-21,1075145,561576,98283,161195,39901,20439
North America,None,None,2020-04-22,1132773,581306,102129,169836,42138,21138
North America,None,None,2020-04-23,1190712,600122,105857,178525,44388,21807
North America,None,None,2020-04-24,1248809,617920,109429,187244,46660,22431
North America,None,None,2020-04-25,1306906,634627,112854,195958,48940,23018
North America,None,None,2020-04-26,1364921,650216,116108,204662,51225,23563
North America,None,None,2020-04-27,1422710,664644,119180,213326,53510,24064
North America,None,None,2020-04-28,1480141,677852,122067,221945,55794,24520
North America,None,None,2020-04-29,1537060,689760,124750,230477,58077,24928
North America,None,None,2020-04-30,1593343,700331,127223,238921,60346,25283
North America,None,None,2020-05-01,1648908,709575,129483,247259,62603,25590
North America,None,None,2020-05-02,1703691,717518,131531,255476,64841,25852
North America,None,None,2020-05-03,1757594,724147,133353,263559,67068,26062
North America,None,None,2020-05-04,1810506,729440,134957,271498,69264,26228
North America,None,None,2020-05-05,1862314,733370,136328,279272,71440,26340
North America,None,None,2020-05-06,1912937,735931,137467,286860,73582,26400
North America,None,None,2020-05-07,1962338,737186,138380,294274,75700,26418
North America,None,None,2020-05-08,2010490,737186,139076,301495,77783,26388
North America,None,None,2020-05-09,2057356,735975,139547,308524,79832,26314
North America,None,None,2020-05-10,2102870,733578,139805,315347,81843,26198
North America,None,None,2020-05-11,2146973,729994,139850,321963,83822,26037
North America,None,None,2020-05-12,2189653,725282,139694,328370,85761,25835
North America,None,None,2020-05-13,2230911,719537,139329,334560,87661,25598
North America,None,None,2020-05-14,2270738,712804,138783,340531,89514,25325
North America,None,None,2020-05-15,2309137,705140,138056,346286,91334,25021
North America,None,None,2020-05-16,2346073,696578,137145,351832,93101,24681
North America,None,None,2020-05-17,2381522,687145,136064,357149,94830,24314
North America,None,None,2020-05-18,2415505,676907,134817,362245,96510,23913
North America,None,None,2020-05-19,2448056,665956,133426,367131,98155,23494
North America,None,None,2020-05-20,2479227,654380,131890,371806,99748,23051
North America,None,None,2020-05-21,2509019,642235,130236,376275,101301,22589
North America,None,None,2020-05-22,2537467,629568,128452,380540,102809,22109
North America,None,None,2020-05-23,2564554,616419,126560,384607,104272,21608
North America,None,None,2020-05-24,2590317,602813,124556,388468,105691,21103
North America,None,None,2020-05-25,2614805,588860,122460,392142,107065,20578
North America,None,None,2020-05-26,2638057,574614,120277,395630,108397,20044
North America,None,None,2020-05-27,2660122,560120,118027,398939,109690,19506
North America,None,None,2020-05-28,2681026,545436,115712,402075,110930,18955
North America,None,None,2020-05-29,2700791,530588,113329,405041,112139,18409
North America,None,None,2020-05-30,2719455,515626,110905,407841,113304,17857
North America,None,None,2020-05-31,2737084,500607,108435,410487,114427,17300
North America,None,None,2020-06-01,2753712,485583,105932,412978,115503,16751
North America,None,None,2020-06-02,2769386,470584,103406,415325,116551,16202
North America,None,None,2020-06-03,2784143,455660,100864,417542,117554,15653
North America,None,None,2020-06-04,2798008,440818,98300,419617,118521,15110
North America,None,None,2020-06-05,2811019,426073,95738,421574,119450,14571
North America,None,None,2020-06-06,2823216,411493,93167,423404,120348,14043
North America,None,None,2020-06-07,2834648,397089,90601,425118,121204,13523
North America,None,None,2020-06-08,2845366,382899,88052,426724,122035,13008
North America,None,None,2020-06-09,2855395,368945,85517,428229,122828,12508
North America,None,None,2020-06-10,2864779,355244,83004,429638,123592,12009
North America,None,None,2020-06-11,2873529,341792,80513,430948,124322,11525
North America,None,None,2020-06-12,2881686,328619,78049,432175,125021,11054
North America,None,None,2020-06-13,2889293,315733,75619,433313,125691,10593
North America,None,None,2020-06-14,2896374,303151,73219,434379,126335,10144
North America,None,None,2020-06-15,2902967,290891,70855,435365,126952,9709
North America,None,None,2020-06-16,2909100,278952,68538,436285,127541,9284
North America,None,None,2020-06-17,2914797,267334,66261,437139,128104,8870
North America,None,None,2020-06-18,2920086,256051,64025,437933,128646,8472
North America,None,None,2020-06-19,2924991,245105,61836,438673,129161,8086
North America,None,None,2020-06-20,2929533,234493,59693,439352,129651,7711
North America,None,None,2020-06-21,2933740,224220,57601,439978,130118,7354
North America,None,None,2020-06-22,2937636,214286,55560,440566,130572,7002
North America,None,None,2020-06-23,2941234,204681,53559,441110,130999,6667
North America,None,None,2020-06-24,2944563,195410,51624,441602,131408,6345
North America,None,None,2020-06-25,2947635,186479,49725,442066,131799,6036
North America,None,None,2020-06-26,2950463,177861,47884,442490,132168,5732
North America,None,None,2020-06-27,2953078,169573,46096,442886,132525,5448
North America,None,None,2020-06-28,2955485,161601,44356,443243,132862,5174
North America,None,None,2020-06-29,2957701,153935,42669,443577,133186,4909
North America,None,None,2020-06-30,2959743,146578,41033,443884,133492,4657
North America,None,None,2020-07-01,2961618,139512,39443,444161,133781,4416
North America,None,None,2020-07-02,2963338,132739,37909,444425,134062,4183
North America,None,None,2020-07-03,2964920,126248,36420,444660,134328,3962
North America,None,None,2020-07-04,2966370,120027,34987,444877,134579,3750
North America,None,None,2020-07-05,2967705,114080,33594,445078,134820,3555
North America,None,None,2020-07-06,2968921,108391,32248,445259,135043,3362
North America,None,None,2020-07-07,2970039,102954,30947,445430,135265,3179
North America,None,None,2020-07-08,2971068,97760,29700,445579,135470,3004
North America,None,None,2020-07-09,2972001,92796,28486,445722,135663,2834
North America,None,None,2020-07-10,2972852,88059,27321,445849,135852,2681
North America,None,None,2020-07-11,2973633,83550,26197,445965,136026,2531
North America,None,None,2020-07-12,2974351,79245,25118,446073,136197,2390
North America,None,None,2020-07-13,2975006,75150,24073,446172,136354,2258
North America,None,None,2020-07-14,2975598,71242,23070,446265,136510,2128
North America,None,None,2020-07-15,2976134,67525,22101,446342,136660,1998
North America,None,None,2020-07-16,2976634,63985,21176,446415,136789,1887
North America,None,None,2020-07-17,2977080,60621,20277,446482,136921,1784
North America,None,None,2020-07-18,2977492,57424,19423,446544,137046,1676
North America,None,None,2020-07-19,2977866,54382,18596,446600,137164,1579
North America,None,None,2020-07-20,2978201,51499,17806,446650,137272,1482
North America,None,None,2020-07-21,2978510,48756,17044,446696,137374,1401
North America,None,None,2020-07-22,2978789,46151,16312,446740,137476,1316
North America,None,None,2020-07-23,2979043,43679,15613,446776,137575,1242
North America,None,None,2020-07-24,2979272,41336,14936,446815,137661,1165
North America,None,None,2020-07-25,2979483,39112,14291,446842,137748,1096
North America,None,None,2020-07-26,2979669,37002,13676,446871,137830,1031
North America,None,None,2020-07-27,2979844,35004,13077,446894,137906,969
North America,None,None,2020-07-28,2979999,33109,12509,446918,137981,909
North America,None,None,2020-07-29,2980140,31313,11961,446939,138052,854
North America,None,None,2020-07-30,2980268,29619,11439,446959,138116,801
North America,None,None,2020-07-31,2980380,28009,10941,446976,138181,754
North America,None,None,2020-08-01,2980487,26484,10456,446992,138239,707
North America,None,None,2020-08-02,2980579,25038,10000,447008,138295,661
North America,None,None,2020-08-03,2980671,23672,9560,447021,138349,622
North America,None,None,2020-08-04,2980745,22389,9140,447030,138395,584
North America,None,None,2020-08-05,2980808,21159,8736,447039,138442,547
North America,None,None,2020-08-06,2980874,20002,8345,447048,138493,515
North America,None,None,2020-08-07,2980929,18912,7978,447059,138529,482
North America,None,None,2020-08-08,2980977,17879,7619,447068,138575,450
North America,None,None,2020-08-09,2981026,16898,7285,447073,138616,422
North America,None,None,2020-08-10,2981063,15975,6960,447078,138650,397
North America,None,None,2020-08-11,2981104,15097,6655,447083,138688,372
North America,None,None,2020-08-12,2981137,14269,6359,447088,138719,346
North America,None,None,2020-08-13,2981167,13496,6075,447091,138750,324
North America,None,None,2020-08-14,2981195,12753,5799,447098,138780,306
North America,None,None,2020-08-15,2981220,12058,5542,447101,138806,286
North America,None,None,2020-08-16,2981241,11394,5297,447105,138834,267
North America,None,None,2020-08-17,2981259,10774,5063,447108,138862,248
North America,None,None,2020-08-18,2981279,10183,4833,447110,138883,237
North America,None,None,2020-08-19,2981293,9630,4616,447113,138911,219
North America,None,None,2020-08-20,2981311,9101,4410,447113,138928,206
North America,None,None,2020-08-21,2981323,8608,4212,447116,138952,194
North America,None,None,2020-08-22,2981331,8137,4021,447116,138972,178
North America,None,None,2020-08-23,2981344,7695,3843,447118,138988,172
North America,None,None,2020-08-24,2981351,7275,3670,447120,139005,161
North America,None,None,2020-08-25,2981360,6881,3506,447121,139022,148
North America,None,None,2020-08-26,2981369,6507,3348,447122,139037,137
North America,None,None,2020-08-27,2981373,6153,3195,447124,139050,132
North America,None,None,2020-08-28,2981378,5821,3051,447126,139065,121
North America,None,None,2020-08-29,2981385,5507,2916,447129,139079,113
North America,None,None,2020-08-30,2981389,5208,2785,447131,139089,108
North America,None,None,2020-08-31,2981393,4927,2659,447131,139107,99
North America,None,None,2020-09-01,2981394,4660,2538,447131,139114,91
North America,US,Alabama,2020-03-20,106,106,16,16,0,4
North America,US,Alabama,2020-03-21,118,111,17,18,0,4
North America,US,Alabama,2020-03-22,130,115,18,19,0,4
North America,US,Alabama,2020-03-23,142,120,19,21,0,4
North America,US,Alabama,2020-03-24,158,127,20,24,1,5
North America,US,Alabama,2020-03-25,176,137,22,26,1,5
North America,US,Alabama,2020-03-26,199,151,25,30,1,6
North America,US,Alabama,2020-03-27,228,170,28,34,1,6
North America,US,Alabama,2020-03-28,264,194,32,40,2,7
North America,US,Alabama,2020-03-29,310,226,37,47,2,8
North America,US,Alabama,2020-03-30,367,266,44,55,2,10
North America,US,Alabama,2020-03-31,435,316,52,65,3,12
North America,US,Alabama,2020-04-01,516,375,61,77,3,14
North America,US,Alabama,2020-04-02,613,445,73,92,4,16
North America,US,Alabama,2020-04-03,726,527,86,109,4,19
North America,US,Alabama,2020-04-04,858,621,101,129,5,23
North America,US,Alabama,2020-04-05,1010,729,119,151,6,27
North America,US,Alabama,2020-04-06,1184,852,139,178,7,31
North America,US,Alabama,2020-04-07,1382,990,162,207,9,37
North America,US,Alabama,2020-04-08,1606,1145,188,241,10,42
North America,US,Alabama,2020-04-09,1859,1318,216,279,12,49
North America,US,Alabama,2020-04-10,2141,1508,248,321,14,56
North America,US,Alabama,2020-04-11,2453,1715,282,368,16,63
North America,US,Alabama,2020-04-12,2798,1941,320,420,19,72
North America,US,Alabama,2020-04-13,3178,2188,361,477,22,81
North America,US,Alabama,2020-04-14,3593,2451,406,539,26,90
North America,US,Alabama,2020-04-15,4042,2732,453,606,29,101
North America,US,Alabama,2020-04-16,4526,3029,504,679,34,111
North America,US,Alabama,2020-04-17,5049,3345,558,757,38,123
North America,US,Alabama,2020-04-18,5609,3676,614,841,44,135
North America,US,Alabama,2020-04-19,6203,4021,674,931,49,148
North America,US,Alabama,2020-04-20,6833,4378,736,1025,55,161
North America,US,Alabama,2020-04-21,7497,4745,800,1125,62,174
North America,US,Alabama,2020-04-22,8197,5125,866,1230,70,188
North America,US,Alabama,2020-04-23,8930,5513,934,1340,78,202
North America,US,Alabama,2020-04-24,9694,5906,1004,1454,86,216
North America,US,Alabama,2020-04-25,10485,6301,1075,1573,95,231
North America,US,Alabama,2020-04-26,11303,6697,1146,1695,105,245
North America,US,Alabama,2020-04-27,12149,7095,1218,1822,115,259
North America,US,Alabama,2020-04-28,13019,7493,1290,1953,126,274
North America,US,Alabama,2020-04-29,13909,7885,1363,2086,138,288
North America,US,Alabama,2020-04-30,14817,8268,1434,2223,150,302
North America,US,Alabama,2020-05-01,15738,8642,1504,2361,163,315
North America,US,Alabama,2020-05-02,16673,9005,1573,2501,177,328
North America,US,Alabama,2020-05-03,17621,9358,1641,2643,191,340
North America,US,Alabama,2020-05-04,18578,9698,1707,2787,206,353
North America,US,Alabama,2020-05-05,19540,10021,1771,2931,221,364
North America,US,Alabama,2020-05-06,20503,10325,1832,3075,237,375
North America,US,Alabama,2020-05-07,21464,10609,1890,3220,253,385
North America,US,Alabama,2020-05-08,22423,10873,1945,3363,270,394
North America,US,Alabama,2020-05-09,23379,11117,1997,3507,287,402
North America,US,Alabama,2020-05-10,24330,11342,2046,3649,304,410
North America,US,Alabama,2020-05-11,25271,11544,2091,3791,322,417
North America,US,Alabama,2020-05-12,26201,11721,2133,3930,341,423
North America,US,Alabama,2020-05-13,27116,11874,2170,4067,359,428
North America,US,Alabama,2020-05-14,28015,12003,2204,4202,378,432
North America,US,Alabama,2020-05-15,28899,12107,2234,4335,398,436
North America,US,Alabama,2020-05-16,29765,12189,2260,4465,417,438
North America,US,Alabama,2020-05-17,30612,12248,2282,4592,437,440
North America,US,Alabama,2020-05-18,31439,12283,2299,4716,456,440
North America,US,Alabama,2020-05-19,32244,12296,2313,4837,476,440
North America,US,Alabama,2020-05-20,33027,12287,2323,4954,496,440
North America,US,Alabama,2020-05-21,33787,12256,2330,5068,516,438
North America,US,Alabama,2020-05-22,34524,12206,2332,5179,536,436
North America,US,Alabama,2020-05-23,35236,12135,2331,5285,556,433
North America,US,Alabama,2020-05-24,35923,12044,2326,5388,576,429
North America,US,Alabama,2020-05-25,36584,11934,2318,5488,596,424
North America,US,Alabama,2020-05-26,37220,11807,2306,5583,616,419
North America,US,Alabama,2020-05-27,37832,11664,2292,5675,636,413
North America,US,Alabama,2020-05-28,38421,11508,2274,5763,655,407
North America,US,Alabama,2020-05-29,38985,11339,2254,5848,674,401
North America,US,Alabama,2020-05-30,39524,11157,2231,5929,693,394
North America,US,Alabama,2020-05-31,40037,10960,2205,6006,712,386
North America,US,Alabama,2020-06-01,40526,10753,2177,6079,731,378
North America,US,Alabama,2020-06-02,40993,10538,2147,6149,749,370
North America,US,Alabama,2020-06-03,41439,10316,2115,6216,767,362
North America,US,Alabama,2020-06-04,41862,10087,2082,6279,785,353
North America,US,Alabama,2020-06-05,42264,9851,2046,6340,802,344
North America,US,Alabama,2020-06-06,42643,9607,2009,6396,819,335
North America,US,Alabama,2020-06-07,43001,9359,1971,6450,836,326
North America,US,Alabama,2020-06-08,43341,9109,1931,6501,852,317
North America,US,Alabama,2020-06-09,43663,8857,1891,6549,868,307
North America,US,Alabama,2020-06-10,43967,8605,1850,6595,884,298
North America,US,Alabama,2020-06-11,44254,8352,1809,6638,899,289
North America,US,Alabama,2020-06-12,44523,8096,1766,6678,914,279
North America,US,Alabama,2020-06-13,44774,7840,1723,6716,929,270
North America,US,Alabama,2020-06-14,45010,7585,1680,6752,943,261
North America,US,Alabama,2020-06-15,45233,7333,1636,6785,957,251
North America,US,Alabama,2020-06-16,45442,7085,1593,6816,970,242
North America,US,Alabama,2020-06-17,45639,6840,1550,6846,983,233
North America,US,Alabama,2020-06-18,45823,6597,1506,6873,996,225
North America,US,Alabama,2020-06-19,45993,6356,1463,6899,1008,216
North America,US,Alabama,2020-06-20,46151,6120,1420,6923,1020,207
North America,US,Alabama,2020-06-21,46300,5888,1378,6945,1031,199
North America,US,Alabama,2020-06-22,46439,5662,1336,6966,1042,191
North America,US,Alabama,2020-06-23,46569,5441,1294,6985,1053,183
North America,US,Alabama,2020-06-24,46689,5224,1254,7003,1063,175
North America,US,Alabama,2020-06-25,46801,5013,1213,7020,1073,168
North America,US,Alabama,2020-06-26,46904,4806,1173,7036,1083,160
North America,US,Alabama,2020-06-27,47000,4606,1134,7050,1092,153
North America,US,Alabama,2020-06-28,47089,4411,1096,7063,1101,146
North America,US,Alabama,2020-06-29,47173,4223,1059,7076,1110,140
North America,US,Alabama,2020-06-30,47249,4040,1022,7087,1118,133
North America,US,Alabama,2020-07-01,47320,3863,986,7098,1126,127
North America,US,Alabama,2020-07-02,47385,3691,951,7108,1134,121
North America,US,Alabama,2020-07-03,47446,3525,917,7117,1141,115
North America,US,Alabama,2020-07-04,47502,3365,884,7125,1149,109
North America,US,Alabama,2020-07-05,47553,3211,851,7133,1155,104
North America,US,Alabama,2020-07-06,47601,3063,820,7140,1162,99
North America,US,Alabama,2020-07-07,47644,2920,789,7147,1168,94
North America,US,Alabama,2020-07-08,47685,2782,759,7153,1175,89
North America,US,Alabama,2020-07-09,47721,2650,730,7158,1180,85
North America,US,Alabama,2020-07-10,47755,2523,702,7163,1186,80
North America,US,Alabama,2020-07-11,47787,2401,675,7168,1191,76
North America,US,Alabama,2020-07-12,47816,2285,649,7172,1196,72
North America,US,Alabama,2020-07-13,47842,2173,623,7176,1201,68
North America,US,Alabama,2020-07-14,47866,2066,599,7180,1206,65
North America,US,Alabama,2020-07-15,47888,1963,575,7183,1211,61
North America,US,Alabama,2020-07-16,47908,1865,552,7186,1215,58
North America,US,Alabama,2020-07-17,47927,1771,529,7189,1219,55
North America,US,Alabama,2020-07-18,47944,1682,508,7192,1223,52
North America,US,Alabama,2020-07-19,47959,1596,487,7194,1227,49
North America,US,Alabama,2020-07-20,47973,1515,467,7196,1231,46
North America,US,Alabama,2020-07-21,47986,1437,448,7198,1234,44
North America,US,Alabama,2020-07-22,47998,1363,429,7200,1237,41
North America,US,Alabama,2020-07-23,48008,1292,412,7201,1241,39
North America,US,Alabama,2020-07-24,48018,1225,394,7203,1244,37
North America,US,Alabama,2020-07-25,48027,1161,378,7204,1247,35
North America,US,Alabama,2020-07-26,48035,1100,362,7205,1249,33
North America,US,Alabama,2020-07-27,48042,1043,347,7206,1252,31
North America,US,Alabama,2020-07-28,48049,987,332,7207,1254,29
North America,US,Alabama,2020-07-29,48055,935,318,7208,1257,27
North America,US,Alabama,2020-07-30,48061,886,304,7209,1259,26
North America,US,Alabama,2020-07-31,48066,838,291,7210,1261,24
North America,US,Alabama,2020-08-01,48070,794,279,7211,1263,23
North America,US,Alabama,2020-08-02,48074,751,267,7211,1265,21
North America,US,Alabama,2020-08-03,48078,711,255,7212,1267,20
North America,US,Alabama,2020-08-04,48082,673,244,7212,1269,19
North America,US,Alabama,2020-08-05,48085,636,234,7213,1271,18
North America,US,Alabama,2020-08-06,48087,602,223,7213,1273,17
North America,US,Alabama,2020-08-07,48090,570,214,7213,1274,16
North America,US,Alabama,2020-08-08,48092,539,204,7214,1276,15
North America,US,Alabama,2020-08-09,48094,510,195,7214,1277,14
North America,US,Alabama,2020-08-10,48096,482,187,7214,1278,13
North America,US,Alabama,2020-08-11,48098,456,179,7215,1280,12
North America,US,Alabama,2020-08-12,48099,431,171,7215,1281,11
North America,US,Alabama,2020-08-13,48101,408,163,7215,1282,11
North America,US,Alabama,2020-08-14,48102,385,156,7215,1283,10
North America,US,Alabama,2020-08-15,48103,364,149,7215,1284,9
North America,US,Alabama,2020-08-16,48104,344,143,7216,1285,9
North America,US,Alabama,2020-08-17,48105,326,136,7216,1286,8
North America,US,Alabama,2020-08-18,48106,308,130,7216,1287,8
North America,US,Alabama,2020-08-19,48106,291,124,7216,1288,7
North America,US,Alabama,2020-08-20,48107,275,119,7216,1289,7
North America,US,Alabama,2020-08-21,48108,260,114,7216,1290,6
North America,US,Alabama,2020-08-22,48108,246,109,7216,1291,6
North America,US,Alabama,2020-08-23,48109,233,104,7216,1291,6
North America,US,Alabama,2020-08-24,48109,220,99,7216,1292,5
North America,US,Alabama,2020-08-25,48109,208,95,7216,1293,5
North America,US,Alabama,2020-08-26,48110,197,90,7216,1293,5
North America,US,Alabama,2020-08-27,48110,186,86,7217,1294,4
North America,US,Alabama,2020-08-28,48110,176,82,7217,1294,4
North America,US,Alabama,2020-08-29,48111,166,79,7217,1295,4
North America,US,Alabama,2020-08-30,48111,157,75,7217,1295,4
North America,US,Alabama,2020-08-31,48111,149,72,7217,1296,3
North America,US,Alabama,2020-09-01,48111,141,69,7217,1296,3
North America,US,Alaska,2020-03-29,102,90,14,14,2,3
North America,US,Alaska,2020-03-30,105,87,13,14,2,3
North America,US,Alaska,2020-03-31,108,84,13,14,2,3
North America,US,Alaska,2020-04-01,111,82,13,15,2,3
North America,US,Alaska,2020-04-02,114,80,13,15,2,3
North America,US,Alaska,2020-04-03,118,79,13,16,2,3
North America,US,Alaska,2020-04-04,123,78,13,17,2,3
North America,US,Alaska,2020-04-05,128,78,13,17,2,3
North America,US,Alaska,2020-04-06,134,79,13,18,2,3
North America,US,Alaska,2020-04-07,140,80,14,19,2,3
North America,US,Alaska,2020-04-08,148,82,14,20,3,3
North America,US,Alaska,2020-04-09,156,85,15,22,3,3
North America,US,Alaska,2020-04-10,165,88,15,23,3,3
North America,US,Alaska,2020-04-11,175,92,16,24,3,3
North America,US,Alaska,2020-04-12,185,97,17,26,3,4
North America,US,Alaska,2020-04-13,197,102,18,28,3,4
North America,US,Alaska,2020-04-14,210,108,19,30,3,4
North America,US,Alaska,2020-04-15,224,115,20,32,3,4
North America,US,Alaska,2020-04-16,238,122,21,34,3,4
North America,US,Alaska,2020-04-17,254,129,23,36,3,5
North America,US,Alaska,2020-04-18,271,137,24,39,3,5
North America,US,Alaska,2020-04-19,288,146,26,41,3,5
North America,US,Alaska,2020-04-20,307,155,27,44,3,6
North America,US,Alaska,2020-04-21,326,164,29,47,3,6
North America,US,Alaska,2020-04-22,347,173,31,50,4,6
North America,US,Alaska,2020-04-23,368,183,32,53,4,7
North America,US,Alaska,2020-04-24,390,193,34,57,4,7
North America,US,Alaska,2020-04-25,413,203,36,60,4,7
North America,US,Alaska,2020-04-26,436,213,38,64,4,8
North America,US,Alaska,2020-04-27,460,222,40,67,4,8
North America,US,Alaska,2020-04-28,485,232,41,71,4,8
North America,US,Alaska,2020-04-29,510,242,43,75,5,9
North America,US,Alaska,2020-04-30,536,252,45,79,5,9
North America,US,Alaska,2020-05-01,562,261,47,82,5,9
North America,US,Alaska,2020-05-02,588,270,48,86,5,10
North America,US,Alaska,2020-05-03,615,279,50,90,5,10
North America,US,Alaska,2020-05-04,641,287,52,94,5,10
North America,US,Alaska,2020-05-05,668,295,53,98,6,11
North America,US,Alaska,2020-05-06,695,302,55,102,6,11
North America,US,Alaska,2020-05-07,722,309,56,106,6,11
North America,US,Alaska,2020-05-08,748,316,58,110,6,11
North America,US,Alaska,2020-05-09,775,321,59,114,6,12
North America,US,Alaska,2020-05-10,801,327,60,118,7,12
North America,US,Alaska,2020-05-11,827,331,61,122,7,12
North America,US,Alaska,2020-05-12,853,335,62,126,7,12
North America,US,Alaska,2020-05-13,878,339,63,130,7,12
North America,US,Alaska,2020-05-14,903,342,64,134,8,12
North America,US,Alaska,2020-05-15,927,344,65,137,8,12
North America,US,Alaska,2020-05-16,951,345,65,141,8,12
North America,US,Alaska,2020-05-17,974,346,66,144,8,12
North America,US,Alaska,2020-05-18,997,347,66,148,9,12
North America,US,Alaska,2020-05-19,1019,346,66,151,9,12
North America,US,Alaska,2020-05-20,1041,346,66,154,9,12
North America,US,Alaska,2020-05-21,1062,344,67,157,9,12
North America,US,Alaska,2020-05-22,1082,342,66,161,10,12
North America,US,Alaska,2020-05-23,1102,340,66,163,10,12
North America,US,Alaska,2020-05-24,1121,337,66,166,10,12
North America,US,Alaska,2020-05-25,1139,334,66,169,10,12
North America,US,Alaska,2020-05-26,1157,330,65,172,10,12
North America,US,Alaska,2020-05-27,1174,326,65,174,11,12
North America,US,Alaska,2020-05-28,1190,321,64,177,11,11
North America,US,Alaska,2020-05-29,1206,316,64,179,11,11
North America,US,Alaska,2020-05-30,1221,311,63,181,11,11
North America,US,Alaska,2020-05-31,1235,305,62,183,12,11
North America,US,Alaska,2020-06-01,1248,300,62,185,12,11
North America,US,Alaska,2020-06-02,1261,293,61,187,12,10
North America,US,Alaska,2020-06-03,1274,287,60,189,12,10
North America,US,Alaska,2020-06-04,1286,281,59,191,12,10
North America,US,Alaska,2020-06-05,1297,274,58,193,13,10
North America,US,Alaska,2020-06-06,1307,267,57,194,13,9
North America,US,Alaska,2020-06-07,1317,260,56,196,13,9
North America,US,Alaska,2020-06-08,1327,253,54,197,13,9
North America,US,Alaska,2020-06-09,1336,246,53,199,13,9
North America,US,Alaska,2020-06-10,1345,239,52,200,14,8
North America,US,Alaska,2020-06-11,1353,232,51,201,14,8
North America,US,Alaska,2020-06-12,1360,225,50,202,14,8
North America,US,Alaska,2020-06-13,1367,218,49,203,14,7
North America,US,Alaska,2020-06-14,1374,211,47,204,14,7
North America,US,Alaska,2020-06-15,1380,204,46,205,15,7
North America,US,Alaska,2020-06-16,1386,197,45,206,15,7
North America,US,Alaska,2020-06-17,1392,191,44,207,15,6
North America,US,Alaska,2020-06-18,1397,184,43,208,15,6
North America,US,Alaska,2020-06-19,1402,177,41,208,15,6
North America,US,Alaska,2020-06-20,1406,171,40,209,15,6
North America,US,Alaska,2020-06-21,1411,164,39,210,15,6
North America,US,Alaska,2020-06-22,1415,158,38,210,16,5
North America,US,Alaska,2020-06-23,1418,152,37,211,16,5
North America,US,Alaska,2020-06-24,1422,146,35,211,16,5
North America,US,Alaska,2020-06-25,1425,140,34,212,16,5
North America,US,Alaska,2020-06-26,1428,134,33,212,16,4
North America,US,Alaska,2020-06-27,1431,129,32,213,16,4
North America,US,Alaska,2020-06-28,1433,123,31,213,16,4
North America,US,Alaska,2020-06-29,1436,118,30,214,16,4
North America,US,Alaska,2020-06-30,1438,113,29,214,16,4
North America,US,Alaska,2020-07-01,1440,108,28,214,17,4
North America,US,Alaska,2020-07-02,1442,103,27,214,17,3
North America,US,Alaska,2020-07-03,1444,99,26,215,17,3
North America,US,Alaska,2020-07-04,1445,94,25,215,17,3
North America,US,Alaska,2020-07-05,1447,90,24,215,17,3
North America,US,Alaska,2020-07-06,1448,86,23,215,17,3
North America,US,Alaska,2020-07-07,1450,82,22,216,17,3
North America,US,Alaska,2020-07-08,1451,78,22,216,17,2
North America,US,Alaska,2020-07-09,1452,74,21,216,17,2
North America,US,Alaska,2020-07-10,1453,71,20,216,17,2
North America,US,Alaska,2020-07-11,1454,68,19,216,17,2
North America,US,Alaska,2020-07-12,1455,64,18,216,17,2
North America,US,Alaska,2020-07-13,1455,61,18,217,17,2
North America,US,Alaska,2020-07-14,1456,58,17,217,18,2
North America,US,Alaska,2020-07-15,1457,55,16,217,18,2
North America,US,Alaska,2020-07-16,1457,53,16,217,18,2
North America,US,Alaska,2020-07-17,1458,50,15,217,18,2
North America,US,Alaska,2020-07-18,1458,47,14,217,18,1
North America,US,Alaska,2020-07-19,1459,45,14,217,18,1
North America,US,Alaska,2020-07-20,1459,43,13,217,18,1
North America,US,Alaska,2020-07-21,1460,41,13,217,18,1
North America,US,Alaska,2020-07-22,1460,38,12,217,18,1
North America,US,Alaska,2020-07-23,1460,36,12,217,18,1
North America,US,Alaska,2020-07-24,1461,35,11,217,18,1
North America,US,Alaska,2020-07-25,1461,33,11,217,18,1
North America,US,Alaska,2020-07-26,1461,31,10,217,18,1
North America,US,Alaska,2020-07-27,1461,29,10,217,18,1
North America,US,Alaska,2020-07-28,1462,28,9,217,18,1
North America,US,Alaska,2020-07-29,1462,26,9,217,18,1
North America,US,Alaska,2020-07-30,1462,25,9,217,18,1
North America,US,Alaska,2020-07-31,1462,24,8,218,18,1
North America,US,Alaska,2020-08-01,1462,22,8,218,18,1
North America,US,Alaska,2020-08-02,1462,21,8,218,18,1
North America,US,Alaska,2020-08-03,1463,20,7,218,18,1
North America,US,Alaska,2020-08-04,1463,19,7,218,18,1
North America,US,Alaska,2020-08-05,1463,18,7,218,18,0
North America,US,Alaska,2020-08-06,1463,17,6,218,18,0
North America,US,Alaska,2020-08-07,1463,16,6,218,18,0
North America,US,Alaska,2020-08-08,1463,15,6,218,18,0
North America,US,Alaska,2020-08-09,1463,14,6,218,18,0
North America,US,Alaska,2020-08-10,1463,14,5,218,18,0
North America,US,Alaska,2020-08-11,1463,13,5,218,18,0
North America,US,Alaska,2020-08-12,1463,12,5,218,18,0
North America,US,Alaska,2020-08-13,1463,12,5,218,18,0
North America,US,Alaska,2020-08-14,1463,11,4,218,18,0
North America,US,Alaska,2020-08-15,1463,10,4,218,18,0
North America,US,Alaska,2020-08-16,1463,10,4,218,18,0
North America,US,Alaska,2020-08-17,1463,9,4,218,19,0
North America,US,Alaska,2020-08-18,1463,9,4,218,19,0
North America,US,Alaska,2020-08-19,1463,8,4,218,19,0
North America,US,Alaska,2020-08-20,1463,8,3,218,19,0
North America,US,Alaska,2020-08-21,1463,7,3,218,19,0
North America,US,Alaska,2020-08-22,1463,7,3,218,19,0
North America,US,Alaska,2020-08-23,1463,7,3,218,19,0
North America,US,Alaska,2020-08-24,1463,6,3,218,19,0
North America,US,Alaska,2020-08-25,1463,6,3,218,19,0
North America,US,Alaska,2020-08-26,1464,6,3,218,19,0
North America,US,Alaska,2020-08-27,1464,5,2,218,19,0
North America,US,Alaska,2020-08-28,1464,5,2,218,19,0
North America,US,Alaska,2020-08-29,1464,5,2,218,19,0
North America,US,Alaska,2020-08-30,1464,4,2,218,19,0
North America,US,Alaska,2020-08-31,1464,4,2,218,19,0
North America,US,Alaska,2020-09-01,1464,4,2,218,19,0
North America,US,Arizona,2020-03-21,104,98,15,15,1,4
North America,US,Arizona,2020-03-22,109,97,15,15,1,4
North America,US,Arizona,2020-03-23,118,99,15,17,1,4
North America,US,Arizona,2020-03-24,129,104,16,19,1,4
North America,US,Arizona,2020-03-25,145,113,18,21,2,4
North America,US,Arizona,2020-03-26,165,125,20,24,2,5
North America,US,Arizona,2020-03-27,191,142,23,28,2,5
North America,US,Arizona,2020-03-28,224,165,27,33,2,6
North America,US,Arizona,2020-03-29,265,194,32,39,2,7
North America,US,Arizona,2020-03-30,316,232,38,47,3,9
North America,US,Arizona,2020-03-31,380,279,45,56,3,10
North America,US,Arizona,2020-04-01,458,338,55,68,3,12
North America,US,Arizona,2020-04-02,554,408,66,82,4,15
North America,US,Arizona,2020-04-03,669,495,80,99,5,18
North America,US,Arizona,2020-04-04,808,599,97,120,5,22
North America,US,Arizona,2020-04-05,974,722,117,145,6,27
North America,US,Arizona,2020-04-06,1170,866,140,175,7,32
North America,US,Arizona,2020-04-07,1401,1035,168,209,9,38
North America,US,Arizona,2020-04-08,1671,1231,200,250,10,45
North America,US,Arizona,2020-04-09,1982,1455,237,296,12,54
North America,US,Arizona,2020-04-10,2340,1710,278,350,14,63
North America,US,Arizona,2020-04-11,2749,1999,326,412,17,74
North America,US,Arizona,2020-04-12,3215,2324,379,481,20,86
North America,US,Arizona,2020-04-13,3740,2686,439,560,23,99
North America,US,Arizona,2020-04-14,4325,3084,505,648,27,114
North America,US,Arizona,2020-04-15,4977,3521,578,746,32,130
North America,US,Arizona,2020-04-16,5702,4001,658,854,37,147
North America,US,Arizona,2020-04-17,6499,4521,745,974,43,167
North America,US,Arizona,2020-04-18,7368,5078,839,1104,50,187
North America,US,Arizona,2020-04-19,8313,5674,939,1246,57,209
North America,US,Arizona,2020-04-20,9338,6309,1047,1400,66,232
North America,US,Arizona,2020-04-21,10444,6983,1162,1566,75,257
North America,US,Arizona,2020-04-22,11628,7691,1283,1743,85,283
North America,US,Arizona,2020-04-23,12888,8427,1410,1932,97,310
North America,US,Arizona,2020-04-24,14224,9190,1542,2133,109,337
North America,US,Arizona,2020-04-25,15639,9982,1679,2345,123,366
North America,US,Arizona,2020-04-26,17132,10800,1822,2569,138,396
North America,US,Arizona,2020-04-27,18693,11634,1969,2803,154,426
North America,US,Arizona,2020-04-28,20320,12477,2118,3047,171,457
North America,US,Arizona,2020-04-29,22008,13328,2270,3300,189,488
North America,US,Arizona,2020-04-30,23759,14185,2424,3563,209,519
North America,US,Arizona,2020-05-01,25571,15048,2580,3835,230,550
North America,US,Arizona,2020-05-02,27432,15906,2736,4114,252,581
North America,US,Arizona,2020-05-03,29336,16750,2891,4400,276,611
North America,US,Arizona,2020-05-04,31277,17577,3045,4691,301,641
North America,US,Arizona,2020-05-05,33251,18385,3196,4987,327,670
North America,US,Arizona,2020-05-06,35258,19174,3346,5288,355,698
North America,US,Arizona,2020-05-07,37292,19940,3493,5593,383,726
North America,US,Arizona,2020-05-08,39341,20674,3635,5900,413,752
North America,US,Arizona,2020-05-09,41398,21369,3772,6209,444,776
North America,US,Arizona,2020-05-10,43458,22024,3903,6518,476,799
North America,US,Arizona,2020-05-11,45517,22636,4028,6827,509,821
North America,US,Arizona,2020-05-12,47573,23209,4148,7135,543,841
North America,US,Arizona,2020-05-13,49623,23739,4260,7443,578,859
North America,US,Arizona,2020-05-14,51656,24221,4366,7747,614,876
North America,US,Arizona,2020-05-15,53667,24652,4463,8049,651,891
North America,US,Arizona,2020-05-16,55651,25029,4552,8347,689,903
North America,US,Arizona,2020-05-17,57604,25354,4632,8640,727,914
North America,US,Arizona,2020-05-18,59524,25627,4704,8928,765,923
North America,US,Arizona,2020-05-19,61410,25850,4767,9211,805,930
North America,US,Arizona,2020-05-20,63257,26022,4822,9488,844,935
North America,US,Arizona,2020-05-21,65060,26141,4868,9758,884,939
North America,US,Arizona,2020-05-22,66818,26210,4906,10022,925,940
North America,US,Arizona,2020-05-23,68530,26231,4935,10279,965,940
North America,US,Arizona,2020-05-24,70195,26205,4955,10528,1006,937
North America,US,Arizona,2020-05-25,71809,26133,4968,10770,1047,934
North America,US,Arizona,2020-05-26,73371,26016,4972,11005,1088,928
North America,US,Arizona,2020-05-27,74878,25854,4968,11231,1128,921
North America,US,Arizona,2020-05-28,76329,25646,4956,11448,1169,913
North America,US,Arizona,2020-05-29,77725,25400,4936,11658,1210,903
North America,US,Arizona,2020-05-30,79069,25119,4910,11859,1250,892
North America,US,Arizona,2020-05-31,80362,24808,4877,12053,1290,879
North America,US,Arizona,2020-06-01,81603,24466,4838,12240,1329,866
North America,US,Arizona,2020-06-02,82788,24092,4793,12417,1369,851
North America,US,Arizona,2020-06-03,83916,23686,4741,12587,1407,836
North America,US,Arizona,2020-06-04,84993,23257,4685,12748,1446,819
North America,US,Arizona,2020-06-05,86021,22807,4623,12902,1483,802
North America,US,Arizona,2020-06-06,87001,22341,4558,13049,1521,785
North America,US,Arizona,2020-06-07,87933,21858,4488,13189,1557,766
North America,US,Arizona,2020-06-08,88816,21358,4415,13322,1593,747
North America,US,Arizona,2020-06-09,89650,20841,4337,13447,1628,728
North America,US,Arizona,2020-06-10,90439,20313,4256,13565,1663,708
North America,US,Arizona,2020-06-11,91186,19779,4173,13677,1697,688
North America,US,Arizona,2020-06-12,91895,19241,4088,13783,1730,669
North America,US,Arizona,2020-06-13,92565,18700,4002,13884,1762,648
North America,US,Arizona,2020-06-14,93195,18156,3913,13978,1794,628
North America,US,Arizona,2020-06-15,93785,17605,3822,14067,1825,608
North America,US,Arizona,2020-06-16,94337,17053,3730,14150,1855,588
North America,US,Arizona,2020-06-17,94857,16504,3638,14228,1884,568
North America,US,Arizona,2020-06-18,95347,15960,3545,14301,1912,548
North America,US,Arizona,2020-06-19,95808,15424,3452,14370,1940,528
North America,US,Arizona,2020-06-20,96240,14893,3359,14435,1967,509
North America,US,Arizona,2020-06-21,96642,14366,3266,14495,1993,490
North America,US,Arizona,2020-06-22,97015,13843,3173,14551,2019,471
North America,US,Arizona,2020-06-23,97363,13330,3081,14604,2043,452
North America,US,Arizona,2020-06-24,97690,12827,2989,14653,2067,434
North America,US,Arizona,2020-06-25,97995,12336,2898,14698,2090,416
North America,US,Arizona,2020-06-26,98279,11855,2809,14741,2112,399
North America,US,Arizona,2020-06-27,98543,11384,2721,14781,2134,382
North America,US,Arizona,2020-06-28,98787,10923,2633,14817,2155,366
North America,US,Arizona,2020-06-29,99013,10474,2547,14851,2175,350
North America,US,Arizona,2020-06-30,99223,10038,2463,14883,2194,334
North America,US,Arizona,2020-07-01,99419,9614,2380,14912,2213,319
North America,US,Arizona,2020-07-02,99601,9204,2299,14939,2231,305
North America,US,Arizona,2020-07-03,99768,8805,2220,14964,2248,291
North America,US,Arizona,2020-07-04,99922,8418,2142,14987,2265,277
North America,US,Arizona,2020-07-05,100065,8044,2066,15009,2281,264
North America,US,Arizona,2020-07-06,100196,7682,1992,15029,2296,251
North America,US,Arizona,2020-07-07,100318,7334,1919,15047,2311,239
North America,US,Arizona,2020-07-08,100431,6998,1849,15064,2326,227
North America,US,Arizona,2020-07-09,100535,6674,1781,15079,2339,216
North America,US,Arizona,2020-07-10,100629,6362,1714,15094,2353,205
North America,US,Arizona,2020-07-11,100716,6061,1649,15107,2365,195
North America,US,Arizona,2020-07-12,100797,5772,1586,15119,2377,185
North America,US,Arizona,2020-07-13,100871,5496,1525,15130,2389,175
North America,US,Arizona,2020-07-14,100939,5230,1466,15140,2400,166
North America,US,Arizona,2020-07-15,101001,4976,1409,15149,2411,157
North America,US,Arizona,2020-07-16,101058,4732,1354,15158,2421,149
North America,US,Arizona,2020-07-17,101110,4497,1300,15166,2431,141
North America,US,Arizona,2020-07-18,101158,4274,1248,15173,2441,133
North America,US,Arizona,2020-07-19,101201,4060,1198,15179,2450,126
North America,US,Arizona,2020-07-20,101242,3855,1150,15185,2458,119
North America,US,Arizona,2020-07-21,101278,3660,1103,15191,2466,113
North America,US,Arizona,2020-07-22,101312,3474,1058,15196,2474,107
North America,US,Arizona,2020-07-23,101342,3296,1015,15200,2482,101
North America,US,Arizona,2020-07-24,101370,3127,973,15205,2489,95
North America,US,Arizona,2020-07-25,101395,2965,933,15208,2496,90
North America,US,Arizona,2020-07-26,101418,2811,894,15212,2503,85
North America,US,Arizona,2020-07-27,101439,2665,857,15215,2509,80
North America,US,Arizona,2020-07-28,101459,2525,821,15218,2515,75
North America,US,Arizona,2020-07-29,101476,2393,786,15220,2521,71
North America,US,Arizona,2020-07-30,101492,2267,753,15223,2526,67
North America,US,Arizona,2020-07-31,101506,2147,721,15225,2532,63
North America,US,Arizona,2020-08-01,101519,2033,690,15227,2537,59
North America,US,Arizona,2020-08-02,101531,1925,661,15229,2541,56
North America,US,Arizona,2020-08-03,101542,1822,632,15230,2546,52
North America,US,Arizona,2020-08-04,101551,1725,605,15232,2550,49
North America,US,Arizona,2020-08-05,101560,1632,579,15233,2554,46
North America,US,Arizona,2020-08-06,101568,1544,554,15234,2558,44
North America,US,Arizona,2020-08-07,101575,1461,530,15235,2562,41
North America,US,Arizona,2020-08-08,101582,1382,507,15236,2566,39
North America,US,Arizona,2020-08-09,101588,1308,485,15237,2569,36
North America,US,Arizona,2020-08-10,101593,1237,464,15238,2572,34
North America,US,Arizona,2020-08-11,101598,1170,444,15239,2576,32
North America,US,Arizona,2020-08-12,101603,1106,424,15239,2579,30
North America,US,Arizona,2020-08-13,101606,1046,406,15240,2581,28
North America,US,Arizona,2020-08-14,101610,989,388,15241,2584,27
North America,US,Arizona,2020-08-15,101613,935,371,15241,2587,25
North America,US,Arizona,2020-08-16,101616,884,354,15242,2589,23
North America,US,Arizona,2020-08-17,101619,836,339,15242,2591,22
North America,US,Arizona,2020-08-18,101621,790,324,15242,2594,21
North America,US,Arizona,2020-08-19,101623,747,309,15243,2596,19
North America,US,Arizona,2020-08-20,101625,706,296,15243,2598,18
North America,US,Arizona,2020-08-21,101627,668,283,15243,2600,17
North America,US,Arizona,2020-08-22,101628,631,270,15243,2602,16
North America,US,Arizona,2020-08-23,101630,597,258,15244,2603,15
North America,US,Arizona,2020-08-24,101631,564,246,15244,2605,14
North America,US,Arizona,2020-08-25,101632,533,235,15244,2607,13
North America,US,Arizona,2020-08-26,101633,504,225,15244,2608,12
North America,US,Arizona,2020-08-27,101634,477,215,15244,2609,12
North America,US,Arizona,2020-08-28,101635,451,205,15244,2611,11
North America,US,Arizona,2020-08-29,101636,426,196,15244,2612,10
North America,US,Arizona,2020-08-30,101636,403,187,15245,2613,10
North America,US,Arizona,2020-08-31,101637,381,179,15245,2615,9
North America,US,Arizona,2020-09-01,101637,360,171,15245,2616,8
North America,US,Arkansas,2020-03-21,122,122,18,18,0,5
North America,US,Arkansas,2020-03-22,129,121,19,19,0,5
North America,US,Arkansas,2020-03-23,142,126,20,21,0,5
North America,US,Arkansas,2020-03-24,158,134,21,24,0,5
North America,US,Arkansas,2020-03-25,180,146,23,27,0,5
North America,US,Arkansas,2020-03-26,206,162,26,31,0,6
North America,US,Arkansas,2020-03-27,237,182,29,36,1,7
North America,US,Arkansas,2020-03-28,275,207,34,41,1,8
North America,US,Arkansas,2020-03-29,320,238,39,48,1,9
North America,US,Arkansas,2020-03-30,373,274,45,56,1,10
North America,US,Arkansas,2020-03-31,435,317,52,65,1,12
North America,US,Arkansas,2020-04-01,507,366,60,76,2,14
North America,US,Arkansas,2020-04-02,589,423,69,88,2,16
North America,US,Arkansas,2020-04-03,684,489,80,103,2,18
North America,US,Arkansas,2020-04-04,792,562,92,119,3,21
North America,US,Arkansas,2020-04-05,914,644,106,137,3,24
North America,US,Arkansas,2020-04-06,1050,735,121,157,4,27
North America,US,Arkansas,2020-04-07,1202,837,138,180,4,31
North America,US,Arkansas,2020-04-08,1371,948,157,206,5,35
North America,US,Arkansas,2020-04-09,1557,1068,177,234,6,39
North America,US,Arkansas,2020-04-10,1760,1197,199,264,6,44
North America,US,Arkansas,2020-04-11,1982,1336,222,297,7,49
North America,US,Arkansas,2020-04-12,2224,1486,248,334,9,55
North America,US,Arkansas,2020-04-13,2483,1643,274,372,10,60
North America,US,Arkansas,2020-04-14,2761,1809,303,414,11,66
North America,US,Arkansas,2020-04-15,3058,1982,333,459,12,73
North America,US,Arkansas,2020-04-16,3374,2163,364,506,14,79
North America,US,Arkansas,2020-04-17,3709,2351,397,556,16,86
North America,US,Arkansas,2020-04-18,4061,2544,430,609,18,93
North America,US,Arkansas,2020-04-19,4430,2740,465,664,20,100
North America,US,Arkansas,2020-04-20,4815,2940,500,722,22,108
North America,US,Arkansas,2020-04-21,5216,3143,536,782,24,115
North America,US,Arkansas,2020-04-22,5633,3349,573,845,27,122
North America,US,Arkansas,2020-04-23,6063,3555,611,909,29,130
North America,US,Arkansas,2020-04-24,6505,3758,648,976,32,137
North America,US,Arkansas,2020-04-25,6958,3960,685,1044,35,144
North America,US,Arkansas,2020-04-26,7420,4158,722,1113,38,152
North America,US,Arkansas,2020-04-27,7893,4354,758,1184,42,159
North America,US,Arkansas,2020-04-28,8373,4545,794,1256,45,165
North America,US,Arkansas,2020-04-29,8859,4729,830,1329,49,172
North America,US,Arkansas,2020-04-30,9349,4906,864,1402,53,178
North America,US,Arkansas,2020-05-01,9841,5074,897,1476,57,184
North America,US,Arkansas,2020-05-02,10335,5233,929,1550,61,190
North America,US,Arkansas,2020-05-03,10831,5384,960,1625,65,195
North America,US,Arkansas,2020-05-04,11327,5525,989,1699,70,200
North America,US,Arkansas,2020-05-05,11820,5655,1016,1773,74,205
North America,US,Arkansas,2020-05-06,12309,5774,1042,1846,79,209
North America,US,Arkansas,2020-05-07,12793,5880,1066,1919,83,212
North America,US,Arkansas,2020-05-08,13272,5974,1088,1991,88,216
North America,US,Arkansas,2020-05-09,13744,6056,1108,2062,93,218
North America,US,Arkansas,2020-05-10,14210,6127,1126,2132,98,221
North America,US,Arkansas,2020-05-11,14668,6186,1142,2200,103,222
North America,US,Arkansas,2020-05-12,15116,6231,1156,2267,108,224
North America,US,Arkansas,2020-05-13,15554,6265,1168,2333,113,225
North America,US,Arkansas,2020-05-14,15982,6286,1178,2397,119,225
North America,US,Arkansas,2020-05-15,16398,6296,1186,2460,124,225
North America,US,Arkansas,2020-05-16,16803,6294,1192,2520,129,225
North America,US,Arkansas,2020-05-17,17196,6280,1196,2579,134,224
North America,US,Arkansas,2020-05-18,17577,6256,1197,2637,140,223
North America,US,Arkansas,2020-05-19,17945,6221,1197,2692,145,222
North America,US,Arkansas,2020-05-20,18301,6176,1195,2745,150,220
North America,US,Arkansas,2020-05-21,18645,6123,1191,2797,156,218
North America,US,Arkansas,2020-05-22,18975,6060,1186,2846,161,215
North America,US,Arkansas,2020-05-23,19293,5989,1179,2894,166,212
North America,US,Arkansas,2020-05-24,19597,5909,1170,2939,171,209
North America,US,Arkansas,2020-05-25,19887,5822,1160,2983,176,206
North America,US,Arkansas,2020-05-26,20166,5728,1148,3025,181,202
North America,US,Arkansas,2020-05-27,20433,5629,1135,3065,186,198
North America,US,Arkansas,2020-05-28,20687,5525,1122,3103,191,194
North America,US,Arkansas,2020-05-29,20930,5416,1106,3140,196,190
North America,US,Arkansas,2020-05-30,21160,5302,1090,3174,201,186
North America,US,Arkansas,2020-05-31,21378,5182,1073,3207,206,181
North America,US,Arkansas,2020-06-01,21584,5060,1054,3238,210,177
North America,US,Arkansas,2020-06-02,21781,4935,1036,3267,215,172
North America,US,Arkansas,2020-06-03,21968,4810,1016,3295,219,167
North America,US,Arkansas,2020-06-04,22145,4683,996,3322,224,163
North America,US,Arkansas,2020-06-05,22312,4554,976,3347,228,158
North America,US,Arkansas,2020-06-06,22468,4422,954,3370,232,153
North America,US,Arkansas,2020-06-07,22614,4290,933,3392,236,148
North America,US,Arkansas,2020-06-08,22753,4158,911,3413,240,143
North America,US,Arkansas,2020-06-09,22883,4027,889,3433,244,138
North America,US,Arkansas,2020-06-10,23007,3897,867,3451,248,134
North America,US,Arkansas,2020-06-11,23122,3768,844,3468,251,129
North America,US,Arkansas,2020-06-12,23229,3639,822,3484,255,124
North America,US,Arkansas,2020-06-13,23330,3511,800,3499,258,120
North America,US,Arkansas,2020-06-14,23424,3386,777,3514,262,115
North America,US,Arkansas,2020-06-15,23512,3262,755,3527,265,111
North America,US,Arkansas,2020-06-16,23594,3141,733,3539,268,106
North America,US,Arkansas,2020-06-17,23671,3022,711,3551,271,102
North America,US,Arkansas,2020-06-18,23742,2905,689,3561,274,98
North America,US,Arkansas,2020-06-19,23809,2790,668,3571,277,94
North America,US,Arkansas,2020-06-20,23870,2678,647,3581,280,90
North America,US,Arkansas,2020-06-21,23928,2570,626,3589,282,86
North America,US,Arkansas,2020-06-22,23981,2464,605,3597,285,82
North America,US,Arkansas,2020-06-23,24031,2361,585,3605,287,78
North America,US,Arkansas,2020-06-24,24077,2260,566,3611,290,75
North America,US,Arkansas,2020-06-25,24119,2163,546,3618,292,71
North America,US,Arkansas,2020-06-26,24158,2068,527,3624,294,68
North America,US,Arkansas,2020-06-27,24194,1977,509,3629,296,65
North America,US,Arkansas,2020-06-28,24228,1889,491,3634,298,62
North America,US,Arkansas,2020-06-29,24259,1804,473,3639,300,59
North America,US,Arkansas,2020-06-30,24288,1722,456,3643,302,56
North America,US,Arkansas,2020-07-01,24314,1642,439,3647,304,53
North America,US,Arkansas,2020-07-02,24338,1566,423,3651,306,50
North America,US,Arkansas,2020-07-03,24360,1492,407,3654,307,48
North America,US,Arkansas,2020-07-04,24381,1422,392,3657,309,45
North America,US,Arkansas,2020-07-05,24400,1354,377,3660,311,43
North America,US,Arkansas,2020-07-06,24417,1289,362,3663,312,41
North America,US,Arkansas,2020-07-07,24433,1226,348,3665,314,39
North America,US,Arkansas,2020-07-08,24448,1166,335,3667,315,37
North America,US,Arkansas,2020-07-09,24461,1108,321,3669,316,35
North America,US,Arkansas,2020-07-10,24473,1053,309,3671,317,33
North America,US,Arkansas,2020-07-11,24484,1001,296,3673,319,31
North America,US,Arkansas,2020-07-12,24495,951,284,3674,320,29
North America,US,Arkansas,2020-07-13,24504,903,273,3676,321,28
North America,US,Arkansas,2020-07-14,24513,857,262,3677,322,26
North America,US,Arkansas,2020-07-15,24520,813,251,3678,323,25
North America,US,Arkansas,2020-07-16,24528,771,241,3679,324,23
North America,US,Arkansas,2020-07-17,24534,731,231,3680,325,22
North America,US,Arkansas,2020-07-18,24540,693,221,3681,326,21
North America,US,Arkansas,2020-07-19,24545,657,212,3682,327,20
North America,US,Arkansas,2020-07-20,24550,623,203,3683,327,19
North America,US,Arkansas,2020-07-21,24555,590,195,3683,328,17
North America,US,Arkansas,2020-07-22,24559,559,187,3684,329,16
North America,US,Arkansas,2020-07-23,24563,530,179,3684,330,15
North America,US,Arkansas,2020-07-24,24566,501,171,3685,330,15
North America,US,Arkansas,2020-07-25,24569,475,164,3685,331,14
North America,US,Arkansas,2020-07-26,24572,449,157,3686,332,13
North America,US,Arkansas,2020-07-27,24574,425,150,3686,332,12
North America,US,Arkansas,2020-07-28,24577,403,144,3687,333,11
North America,US,Arkansas,2020-07-29,24579,381,137,3687,333,11
North America,US,Arkansas,2020-07-30,24581,360,132,3687,334,10
North America,US,Arkansas,2020-07-31,24582,341,126,3687,334,9
North America,US,Arkansas,2020-08-01,24584,322,120,3688,335,9
North America,US,Arkansas,2020-08-02,24585,305,115,3688,335,8
North America,US,Arkansas,2020-08-03,24587,288,110,3688,336,8
North America,US,Arkansas,2020-08-04,24588,273,105,3688,336,7
North America,US,Arkansas,2020-08-05,24589,258,101,3688,336,7
North America,US,Arkansas,2020-08-06,24590,244,96,3688,337,7
North America,US,Arkansas,2020-08-07,24590,230,92,3689,337,6
North America,US,Arkansas,2020-08-08,24591,218,88,3689,337,6
North America,US,Arkansas,2020-08-09,24592,206,84,3689,338,5
North America,US,Arkansas,2020-08-10,24592,195,80,3689,338,5
North America,US,Arkansas,2020-08-11,24593,184,77,3689,338,5
North America,US,Arkansas,2020-08-12,24594,174,73,3689,338,4
North America,US,Arkansas,2020-08-13,24594,164,70,3689,339,4
North America,US,Arkansas,2020-08-14,24594,155,67,3689,339,4
North America,US,Arkansas,2020-08-15,24595,147,64,3689,339,4
North America,US,Arkansas,2020-08-16,24595,139,61,3689,339,3
North America,US,Arkansas,2020-08-17,24595,131,59,3689,340,3
North America,US,Arkansas,2020-08-18,24596,124,56,3689,340,3
North America,US,Arkansas,2020-08-19,24596,117,53,3689,340,3
North America,US,Arkansas,2020-08-20,24596,111,51,3689,340,3
North America,US,Arkansas,2020-08-21,24596,105,49,3689,340,2
North America,US,Arkansas,2020-08-22,24596,99,47,3689,341,2
North America,US,Arkansas,2020-08-23,24597,94,45,3689,341,2
North America,US,Arkansas,2020-08-24,24597,88,43,3690,341,2
North America,US,Arkansas,2020-08-25,24597,84,41,3690,341,2
North America,US,Arkansas,2020-08-26,24597,79,39,3690,341,2
North America,US,Arkansas,2020-08-27,24597,75,37,3690,341,2
North America,US,Arkansas,2020-08-28,24597,71,35,3690,341,2
North America,US,Arkansas,2020-08-29,24597,67,34,3690,342,1
North America,US,Arkansas,2020-08-30,24597,63,32,3690,342,1
North America,US,Arkansas,2020-08-31,24597,60,31,3690,342,1
North America,US,Arkansas,2020-09-01,24597,56,29,3690,342,1
North America,US,California,2020-03-09,101,95,14,14,1,4
North America,US,California,2020-03-10,183,168,26,27,1,6
North America,US,California,2020-03-11,258,230,35,38,1,9
North America,US,California,2020-03-12,339,295,46,50,2,11
North America,US,California,2020-03-13,437,371,58,65,2,14
North America,US,California,2020-03-14,558,464,73,83,3,17
North America,US,California,2020-03-15,708,580,92,105,4,22
North America,US,California,2020-03-16,893,723,115,133,5,27
North America,US,California,2020-03-17,1119,896,143,167,6,33
North America,US,California,2020-03-18,1394,1106,177,208,7,41
North America,US,California,2020-03-19,1725,1358,217,258,9,50
North America,US,California,2020-03-20,2120,1655,265,317,11,61
North America,US,California,2020-03-21,2589,2005,322,387,14,74
North America,US,California,2020-03-22,3143,2415,389,471,17,89
North America,US,California,2020-03-23,3791,2891,466,568,21,107
North America,US,California,2020-03-24,4541,3435,555,680,25,127
North America,US,California,2020-03-25,5404,4055,657,810,31,150
North America,US,California,2020-03-26,6397,4761,772,959,37,176
North America,US,California,2020-03-27,7527,5556,903,1128,45,205
North America,US,California,2020-03-28,8799,6438,1049,1319,53,238
North America,US,California,2020-03-29,10226,7414,1211,1533,63,274
North America,US,California,2020-03-30,11823,8494,1390,1772,75,313
North America,US,California,2020-03-31,13597,9678,1587,2039,88,357
North America,US,California,2020-04-01,15549,10960,1802,2332,103,404
North America,US,California,2020-04-02,17686,12339,2034,2652,120,455
North America,US,California,2020-04-03,20018,13821,2283,3002,140,509
North America,US,California,2020-04-04,22557,15410,2552,3383,161,567
North America,US,California,2020-04-05,25297,17094,2839,3794,185,629
North America,US,California,2020-04-06,28233,18862,3141,4234,212,694
North America,US,California,2020-04-07,31368,20710,3458,4704,241,761
North America,US,California,2020-04-08,34709,22643,3791,5205,273,832
North America,US,California,2020-04-09,38259,24658,4140,5738,308,905
North America,US,California,2020-04-10,42001,26732,4502,6299,347,981
North America,US,California,2020-04-11,45924,28851,4873,6888,388,1058
North America,US,California,2020-04-12,50023,31006,5253,7503,433,1136
North America,US,California,2020-04-13,54300,33198,5643,8144,482,1216
North America,US,California,2020-04-14,58755,35426,6040,8812,533,1296
North America,US,California,2020-04-15,63363,37664,6443,9504,589,1377
North America,US,California,2020-04-16,68106,39892,6846,10215,647,1458
North America,US,California,2020-04-17,72970,42096,7250,10945,710,1537
North America,US,California,2020-04-18,77950,44273,7651,11692,775,1616
North America,US,California,2020-04-19,83044,46427,8052,12456,845,1693
North America,US,California,2020-04-20,88237,48543,8449,13235,917,1769
North America,US,California,2020-04-21,93502,50597,8838,14024,993,1842
North America,US,California,2020-04-22,98819,52572,9218,14822,1073,1913
North America,US,California,2020-04-23,104174,54460,9586,15625,1156,1980
North America,US,California,2020-04-24,109560,56258,9941,16433,1242,2043
North America,US,California,2020-04-25,114974,57974,10285,17245,1330,2104
North America,US,California,2020-04-26,120400,59596,10615,18059,1422,2161
North America,US,California,2020-04-27,125814,61106,10928,18871,1516,2214
North America,US,California,2020-04-28,131198,62493,11223,19679,1613,2262
North America,US,California,2020-04-29,136538,63751,11497,20480,1713,2305
North America,US,California,2020-04-30,141825,64879,11752,21273,1814,2344
North America,US,California,2020-05-01,147057,65884,11987,22058,1918,2378
North America,US,California,2020-05-02,152229,66770,12203,22833,2024,2407
North America,US,California,2020-05-03,157322,67527,12397,23597,2131,2432
North America,US,California,2020-05-04,162324,68149,12569,24348,2239,2452
North America,US,California,2020-05-05,167224,68635,12718,25083,2349,2467
North America,US,California,2020-05-06,172015,68986,12845,25801,2460,2477
North America,US,California,2020-05-07,176692,69206,12949,26503,2572,2482
North America,US,California,2020-05-08,181251,69299,13031,27187,2685,2482
North America,US,California,2020-05-09,185692,69274,13092,27853,2798,2479
North America,US,California,2020-05-10,190002,69125,13132,28499,2911,2470
North America,US,California,2020-05-11,194178,68856,13149,29126,3025,2458
North America,US,California,2020-05-12,198223,68479,13147,29733,3138,2441
North America,US,California,2020-05-13,202137,68002,13126,30320,3252,2421
North America,US,California,2020-05-14,205918,67428,13086,30887,3364,2397
North America,US,California,2020-05-15,209564,66762,13028,31434,3477,2371
North America,US,California,2020-05-16,213067,66001,12952,31959,3588,2340
North America,US,California,2020-05-17,216421,65143,12858,32462,3699,2307
North America,US,California,2020-05-18,219629,64198,12746,32943,3808,2270
North America,US,California,2020-05-19,222703,63183,12620,33405,3917,2231
North America,US,California,2020-05-20,225650,62111,12481,33847,4024,2190
North America,US,California,2020-05-21,228471,60987,12329,34270,4129,2147
North America,US,California,2020-05-22,231163,59810,12166,34674,4234,2102
North America,US,California,2020-05-23,233718,58573,11990,35057,4336,2055
North America,US,California,2020-05-24,236140,57286,11802,35420,4437,2007
North America,US,California,2020-05-25,238444,55965,11606,35766,4536,1957
North America,US,California,2020-05-26,240634,54620,11402,36094,4634,1907
North America,US,California,2020-05-27,242715,53254,11191,36406,4729,1856
North America,US,California,2020-05-28,244686,51868,10973,36702,4823,1804
North America,US,California,2020-05-29,246542,50458,10749,36980,4914,1752
North America,US,California,2020-05-30,248289,49030,10518,37242,5003,1699
North America,US,California,2020-05-31,249938,47598,10284,37490,5091,1646
North America,US,California,2020-06-01,251497,46168,10047,37724,5176,1594
North America,US,California,2020-06-02,252969,44746,9808,37944,5259,1541
North America,US,California,2020-06-03,254355,43330,9568,38152,5340,1490
North America,US,California,2020-06-04,255652,41917,9325,38347,5418,1438
North America,US,California,2020-06-05,256863,40507,9080,38529,5495,1386
North America,US,California,2020-06-06,257997,39112,8836,38699,5569,1336
North America,US,California,2020-06-07,259062,37737,8592,38858,5641,1286
North America,US,California,2020-06-08,260062,36387,8350,39008,5712,1237
North America,US,California,2020-06-09,261001,35062,8109,39149,5779,1189
North America,US,California,2020-06-10,261876,33759,7871,39280,5845,1142
North America,US,California,2020-06-11,262686,32473,7634,39402,5909,1096
North America,US,California,2020-06-12,263440,31212,7398,39515,5971,1051
North America,US,California,2020-06-13,264143,29982,7167,39621,6030,1007
North America,US,California,2020-06-14,264800,28783,6939,39719,6088,964
North America,US,California,2020-06-15,265413,27618,6715,39811,6143,922
North America,US,California,2020-06-16,265983,26483,6494,39897,6197,882
North America,US,California,2020-06-17,266509,25376,6278,39975,6249,843
North America,US,California,2020-06-18,266994,24298,6065,40048,6299,804
North America,US,California,2020-06-19,267445,23254,5856,40116,6347,768
North America,US,California,2020-06-20,267864,22243,5653,40179,6393,732
North America,US,California,2020-06-21,268252,21267,5454,40237,6438,698
North America,US,California,2020-06-22,268612,20323,5260,40291,6481,665
North America,US,California,2020-06-23,268943,19410,5070,40341,6522,633
North America,US,California,2020-06-24,269247,18527,4886,40386,6562,602
North America,US,California,2020-06-25,269528,17676,4706,40428,6600,572
North America,US,California,2020-06-26,269788,16857,4531,40467,6637,544
North America,US,California,2020-06-27,270028,16070,4361,40503,6672,517
North America,US,California,2020-06-28,270249,15314,4196,40536,6706,490
North America,US,California,2020-06-29,270452,14586,4036,40567,6739,465
North America,US,California,2020-06-30,270638,13886,3881,40595,6770,441
North America,US,California,2020-07-01,270808,13215,3730,40620,6800,418
North America,US,California,2020-07-02,270965,12572,3584,40644,6828,397
North America,US,California,2020-07-03,271109,11956,3443,40665,6856,376
North America,US,California,2020-07-04,271242,11367,3307,40685,6882,356
North America,US,California,2020-07-05,271364,10804,3175,40704,6907,337
North America,US,California,2020-07-06,271474,10264,3048,40720,6931,318
North America,US,California,2020-07-07,271575,9748,2925,40735,6954,301
North America,US,California,2020-07-08,271668,9255,2806,40749,6976,285
North America,US,California,2020-07-09,271753,8785,2691,40762,6997,269
North America,US,California,2020-07-10,271831,8337,2581,40774,7017,254
North America,US,California,2020-07-11,271902,7910,2475,40784,7037,240
North America,US,California,2020-07-12,271967,7502,2372,40794,7055,226
North America,US,California,2020-07-13,272025,7114,2273,40803,7073,214
North America,US,California,2020-07-14,272079,6744,2178,40811,7090,201
North America,US,California,2020-07-15,272128,6392,2087,40818,7106,190
North America,US,California,2020-07-16,272172,6057,1999,40825,7121,179
North America,US,California,2020-07-17,272213,5739,1915,40831,7136,169
North America,US,California,2020-07-18,272250,5437,1834,40837,7150,159
North America,US,California,2020-07-19,272283,5149,1755,40842,7163,150
North America,US,California,2020-07-20,272314,4876,1680,40846,7176,141
North America,US,California,2020-07-21,272341,4616,1609,40850,7188,133
North America,US,California,2020-07-22,272366,4370,1539,40854,7200,125
North America,US,California,2020-07-23,272389,4136,1473,40858,7211,117
North America,US,California,2020-07-24,272410,3915,1410,40861,7221,111
North America,US,California,2020-07-25,272429,3705,1349,40863,7231,104
North America,US,California,2020-07-26,272446,3505,1290,40866,7241,98
North America,US,California,2020-07-27,272461,3316,1234,40868,7250,92
North America,US,California,2020-07-28,272475,3137,1180,40870,7259,86
North America,US,California,2020-07-29,272488,2968,1129,40872,7267,81
North America,US,California,2020-07-30,272499,2807,1079,40874,7275,76
North America,US,California,2020-07-31,272509,2655,1032,40875,7283,72
North America,US,California,2020-08-01,272519,2511,987,40877,7290,67
North America,US,California,2020-08-02,272527,2374,943,40878,7297,63
North America,US,California,2020-08-03,272534,2245,902,40879,7303,59
North America,US,California,2020-08-04,272541,2123,862,40880,7309,56
North America,US,California,2020-08-05,272547,2007,824,40881,7315,52
North America,US,California,2020-08-06,272553,1898,787,40882,7321,49
North America,US,California,2020-08-07,272558,1795,752,40883,7326,46
North America,US,California,2020-08-08,272562,1697,719,40883,7332,43
North America,US,California,2020-08-09,272567,1604,687,40884,7336,40
North America,US,California,2020-08-10,272570,1517,657,40885,7341,38
North America,US,California,2020-08-11,272573,1434,627,40885,7346,36
North America,US,California,2020-08-12,272576,1356,599,40886,7350,33
North America,US,California,2020-08-13,272579,1282,573,40886,7354,31
North America,US,California,2020-08-14,272581,1212,547,40886,7358,29
North America,US,California,2020-08-15,272584,1146,523,40887,7361,27
North America,US,California,2020-08-16,272586,1084,499,40887,7365,26
North America,US,California,2020-08-17,272587,1025,477,40887,7368,24
North America,US,California,2020-08-18,272589,969,456,40887,7371,23
North America,US,California,2020-08-19,272590,916,435,40888,7374,21
North America,US,California,2020-08-20,272591,866,416,40888,7377,20
North America,US,California,2020-08-21,272593,819,397,40888,7380,19
North America,US,California,2020-08-22,272594,775,379,40888,7382,17
North America,US,California,2020-08-23,272594,733,362,40888,7385,16
North America,US,California,2020-08-24,272595,693,346,40888,7387,15
North America,US,California,2020-08-25,272596,656,330,40888,7389,14
North America,US,California,2020-08-26,272597,620,316,40889,7391,13
North America,US,California,2020-08-27,272597,587,301,40889,7393,13
North America,US,California,2020-08-28,272598,555,288,40889,7395,12
North America,US,California,2020-08-29,272598,525,275,40889,7397,11
North America,US,California,2020-08-30,272599,497,263,40889,7399,10
North America,US,California,2020-08-31,272599,470,251,40889,7401,10
North America,US,California,2020-09-01,272599,445,239,40889,7402,9
North America,US,Colorado,2020-03-14,103,91,14,14,2,3
North America,US,Colorado,2020-03-15,186,165,25,26,2,6
North America,US,Colorado,2020-03-16,268,235,36,38,3,9
North America,US,Colorado,2020-03-17,358,307,48,52,4,11
North America,US,Colorado,2020-03-18,459,385,60,67,5,14
North America,US,Colorado,2020-03-19,574,473,74,84,7,18
North America,US,Colorado,2020-03-20,707,572,90,104,8,21
North America,US,Colorado,2020-03-21,859,683,109,127,10,25
North America,US,Colorado,2020-03-22,1032,809,129,153,13,30
North America,US,Colorado,2020-03-23,1228,949,152,182,16,35
North America,US,Colorado,2020-03-24,1450,1104,178,216,19,41
North America,US,Colorado,2020-03-25,1698,1275,206,253,23,47
North America,US,Colorado,2020-03-26,1974,1463,237,294,27,54
North America,US,Colorado,2020-03-27,2281,1669,271,340,33,62
North America,US,Colorado,2020-03-28,2617,1890,308,391,38,70
North America,US,Colorado,2020-03-29,2983,2127,348,446,45,78
North America,US,Colorado,2020-03-30,3382,2381,391,506,52,88
North America,US,Colorado,2020-03-31,3814,2651,436,570,61,98
North America,US,Colorado,2020-04-01,4278,2935,485,640,70,108
North America,US,Colorado,2020-04-02,4772,3230,535,714,80,119
North America,US,Colorado,2020-04-03,5296,3536,588,793,91,130
North America,US,Colorado,2020-04-04,5852,3854,642,876,103,142
North America,US,Colorado,2020-04-05,6437,4180,699,964,116,154
North America,US,Colorado,2020-04-06,7049,4512,757,1056,130,166
North America,US,Colorado,2020-04-07,7685,4847,816,1151,145,178
North America,US,Colorado,2020-04-08,8344,5182,875,1250,161,190
North America,US,Colorado,2020-04-09,9025,5519,936,1352,178,202
North America,US,Colorado,2020-04-10,9726,5854,996,1457,197,214
North America,US,Colorado,2020-04-11,10443,6184,1056,1565,216,226
North America,US,Colorado,2020-04-12,11173,6506,1115,1674,236,238
North America,US,Colorado,2020-04-13,11914,6817,1173,1785,258,249
North America,US,Colorado,2020-04-14,12662,7118,1229,1898,280,260
North America,US,Colorado,2020-04-15,13419,7407,1285,2011,303,270
North America,US,Colorado,2020-04-16,14179,7682,1338,2125,327,280
North America,US,Colorado,2020-04-17,14939,7940,1388,2239,352,289
North America,US,Colorado,2020-04-18,15698,8180,1437,2353,378,298
North America,US,Colorado,2020-04-19,16451,8401,1482,2466,405,305
North America,US,Colorado,2020-04-20,17198,8602,1524,2578,432,312
North America,US,Colorado,2020-04-21,17937,8783,1563,2689,459,319
North America,US,Colorado,2020-04-22,18665,8942,1599,2798,488,324
North America,US,Colorado,2020-04-23,19381,9078,1631,2905,516,329
North America,US,Colorado,2020-04-24,20083,9194,1660,3011,545,332
North America,US,Colorado,2020-04-25,20770,9289,1686,3114,575,335
North America,US,Colorado,2020-04-26,21442,9363,1708,3215,605,338
North America,US,Colorado,2020-04-27,22097,9416,1726,3313,635,339
North America,US,Colorado,2020-04-28,22732,9447,1741,3408,665,340
North America,US,Colorado,2020-04-29,23345,9455,1752,3500,695,340
North America,US,Colorado,2020-04-30,23935,9440,1759,3588,725,339
North America,US,Colorado,2020-05-01,24505,9407,1763,3674,755,337
North America,US,Colorado,2020-05-02,25056,9357,1764,3757,785,335
North America,US,Colorado,2020-05-03,25585,9291,1761,3836,815,332
North America,US,Colorado,2020-05-04,26093,9208,1756,3912,845,329
North America,US,Colorado,2020-05-05,26577,9106,1747,3985,874,325
North America,US,Colorado,2020-05-06,27038,8990,1736,4054,903,320
North America,US,Colorado,2020-05-07,27479,8861,1721,4120,932,315
North America,US,Colorado,2020-05-08,27899,8720,1705,4183,960,310
North America,US,Colorado,2020-05-09,28299,8569,1686,4243,988,304
North America,US,Colorado,2020-05-10,28678,8407,1665,4300,1015,297
North America,US,Colorado,2020-05-11,29035,8234,1642,4353,1042,291
North America,US,Colorado,2020-05-12,29372,8052,1617,4404,1069,284
North America,US,Colorado,2020-05-13,29692,7865,1591,4452,1095,277
North America,US,Colorado,2020-05-14,29994,7673,1563,4497,1120,270
North America,US,Colorado,2020-05-15,30278,7477,1534,4540,1145,262
North America,US,Colorado,2020-05-16,30545,7275,1503,4580,1169,255
North America,US,Colorado,2020-05-17,30795,7069,1472,4617,1193,247
North America,US,Colorado,2020-05-18,31028,6860,1439,4652,1216,239
North America,US,Colorado,2020-05-19,31246,6650,1406,4685,1238,231
North America,US,Colorado,2020-05-20,31452,6441,1372,4716,1260,224
North America,US,Colorado,2020-05-21,31644,6232,1338,4745,1281,216
North America,US,Colorado,2020-05-22,31824,6024,1304,4772,1301,208
North America,US,Colorado,2020-05-23,31990,5816,1269,4797,1321,201
North America,US,Colorado,2020-05-24,32143,5609,1234,4820,1340,193
North America,US,Colorado,2020-05-25,32286,5404,1199,4841,1359,186
North America,US,Colorado,2020-05-26,32420,5203,1164,4861,1377,178
North America,US,Colorado,2020-05-27,32544,5005,1130,4880,1394,171
North America,US,Colorado,2020-05-28,32659,4811,1095,4897,1411,164
North America,US,Colorado,2020-05-29,32765,4620,1061,4913,1427,157
North America,US,Colorado,2020-05-30,32862,4433,1027,4928,1443,150
North America,US,Colorado,2020-05-31,32952,4250,994,4941,1458,144
North America,US,Colorado,2020-06-01,33035,4072,961,4954,1473,137
North America,US,Colorado,2020-06-02,33112,3899,929,4965,1487,131
North America,US,Colorado,2020-06-03,33183,3731,897,4976,1500,125
North America,US,Colorado,2020-06-04,33248,3568,866,4985,1513,119
North America,US,Colorado,2020-06-05,33308,3409,836,4994,1525,114
North America,US,Colorado,2020-06-06,33363,3255,806,5003,1537,108
North America,US,Colorado,2020-06-07,33413,3107,777,5010,1549,103
North America,US,Colorado,2020-06-08,33459,2964,748,5017,1560,98
North America,US,Colorado,2020-06-09,33501,2826,720,5023,1570,93
North America,US,Colorado,2020-06-10,33540,2693,693,5029,1580,88
North America,US,Colorado,2020-06-11,33575,2565,667,5034,1590,84
North America,US,Colorado,2020-06-12,33607,2441,642,5039,1599,79
North America,US,Colorado,2020-06-13,33637,2323,617,5044,1608,75
North America,US,Colorado,2020-06-14,33663,2209,593,5048,1617,71
North America,US,Colorado,2020-06-15,33688,2101,570,5051,1625,68
North America,US,Colorado,2020-06-16,33710,1996,547,5055,1633,64
North America,US,Colorado,2020-06-17,33731,1896,525,5058,1640,60
North America,US,Colorado,2020-06-18,33749,1801,504,5061,1647,57
North America,US,Colorado,2020-06-19,33766,1709,484,5063,1654,54
North America,US,Colorado,2020-06-20,33781,1622,464,5065,1660,51
North America,US,Colorado,2020-06-21,33795,1539,445,5067,1667,48
North America,US,Colorado,2020-06-22,33807,1459,427,5069,1673,46
North America,US,Colorado,2020-06-23,33818,1384,409,5071,1678,43
North America,US,Colorado,2020-06-24,33829,1311,392,5072,1684,41
North America,US,Colorado,2020-06-25,33838,1243,376,5074,1689,38
North America,US,Colorado,2020-06-26,33846,1177,360,5075,1694,36
North America,US,Colorado,2020-06-27,33854,1115,345,5076,1698,34
North America,US,Colorado,2020-06-28,33861,1056,330,5077,1703,32
North America,US,Colorado,2020-06-29,33867,1000,316,5078,1707,30
North America,US,Colorado,2020-06-30,33873,946,302,5079,1711,28
North America,US,Colorado,2020-07-01,33878,896,289,5080,1715,27
North America,US,Colorado,2020-07-02,33882,847,277,5081,1719,25
North America,US,Colorado,2020-07-03,33886,802,265,5081,1722,24
North America,US,Colorado,2020-07-04,33890,758,254,5082,1726,22
North America,US,Colorado,2020-07-05,33893,717,243,5082,1729,21
North America,US,Colorado,2020-07-06,33896,678,232,5083,1732,20
North America,US,Colorado,2020-07-07,33899,641,222,5083,1735,19
North America,US,Colorado,2020-07-08,33901,606,212,5083,1738,17
North America,US,Colorado,2020-07-09,33903,573,203,5084,1740,16
North America,US,Colorado,2020-07-10,33905,542,194,5084,1743,15
North America,US,Colorado,2020-07-11,33907,512,185,5084,1745,14
North America,US,Colorado,2020-07-12,33909,484,177,5084,1747,14
North America,US,Colorado,2020-07-13,33910,458,169,5085,1750,13
North America,US,Colorado,2020-07-14,33911,433,162,5085,1752,12
North America,US,Colorado,2020-07-15,33912,409,155,5085,1754,11
North America,US,Colorado,2020-07-16,33913,386,148,5085,1756,11
North America,US,Colorado,2020-07-17,33914,365,141,5085,1757,10
North America,US,Colorado,2020-07-18,33915,345,135,5085,1759,9
North America,US,Colorado,2020-07-19,33916,326,129,5086,1761,9
North America,US,Colorado,2020-07-20,33916,308,123,5086,1762,8
North America,US,Colorado,2020-07-21,33917,291,118,5086,1764,8
North America,US,Colorado,2020-07-22,33917,275,113,5086,1765,7
North America,US,Colorado,2020-07-23,33918,260,108,5086,1766,7
North America,US,Colorado,2020-07-24,33918,246,103,5086,1768,6
North America,US,Colorado,2020-07-25,33919,232,98,5086,1769,6
North America,US,Colorado,2020-07-26,33919,220,94,5086,1770,6
North America,US,Colorado,2020-07-27,33919,207,90,5086,1771,5
North America,US,Colorado,2020-07-28,33919,196,86,5086,1772,5
North America,US,Colorado,2020-07-29,33920,185,82,5086,1773,5
North America,US,Colorado,2020-07-30,33920,175,78,5086,1774,4
North America,US,Colorado,2020-07-31,33920,166,74,5086,1775,4
North America,US,Colorado,2020-08-01,33920,157,71,5086,1776,4
North America,US,Colorado,2020-08-02,33920,148,68,5086,1777,4
North America,US,Colorado,2020-08-03,33920,140,65,5086,1777,3
North America,US,Colorado,2020-08-04,33921,132,62,5086,1778,3
North America,US,Colorado,2020-08-05,33921,125,59,5086,1779,3
North America,US,Colorado,2020-08-06,33921,118,56,5086,1779,3
North America,US,Colorado,2020-08-07,33921,112,54,5086,1780,3
North America,US,Colorado,2020-08-08,33921,106,52,5086,1781,2
North America,US,Colorado,2020-08-09,33921,100,49,5086,1781,2
North America,US,Colorado,2020-08-10,33921,95,47,5086,1782,2
North America,US,Colorado,2020-08-11,33921,90,45,5086,1782,2
North America,US,Colorado,2020-08-12,33921,85,43,5086,1783,2
North America,US,Colorado,2020-08-13,33921,80,41,5086,1783,2
North America,US,Colorado,2020-08-14,33921,76,39,5086,1784,2
North America,US,Colorado,2020-08-15,33921,72,37,5086,1784,2
North America,US,Colorado,2020-08-16,33921,68,36,5086,1784,1
North America,US,Colorado,2020-08-17,33921,64,34,5086,1785,1
North America,US,Colorado,2020-08-18,33921,61,32,5086,1785,1
North America,US,Colorado,2020-08-19,33921,58,31,5086,1786,1
North America,US,Colorado,2020-08-20,33921,55,30,5086,1786,1
North America,US,Colorado,2020-08-21,33921,52,28,5086,1786,1
North America,US,Colorado,2020-08-22,33921,49,27,5086,1787,1
North America,US,Colorado,2020-08-23,33921,46,26,5086,1787,1
North America,US,Colorado,2020-08-24,33921,44,25,5086,1787,1
North America,US,Colorado,2020-08-25,33921,42,23,5086,1787,1
North America,US,Colorado,2020-08-26,33921,39,22,5086,1788,1
North America,US,Colorado,2020-08-27,33921,37,21,5086,1788,1
North America,US,Colorado,2020-08-28,33921,35,20,5086,1788,1
North America,US,Colorado,2020-08-29,33921,33,20,5086,1788,1
North America,US,Colorado,2020-08-30,33921,32,19,5086,1788,1
North America,US,Colorado,2020-08-31,33921,30,18,5086,1789,1
North America,US,Colorado,2020-09-01,33921,29,17,5086,1789,1
North America,US,Connecticut,2020-03-19,159,141,21,21,3,5
North America,US,Connecticut,2020-03-20,292,260,39,41,5,10
North America,US,Connecticut,2020-03-21,424,370,57,61,9,14
North America,US,Connecticut,2020-03-22,567,484,75,82,13,18
North America,US,Connecticut,2020-03-23,733,611,95,107,19,23
North America,US,Connecticut,2020-03-24,927,759,119,136,26,28
North America,US,Connecticut,2020-03-25,1156,930,147,171,34,35
North America,US,Connecticut,2020-03-26,1419,1122,178,210,44,42
North America,US,Connecticut,2020-03-27,1718,1336,213,255,56,50
North America,US,Connecticut,2020-03-28,2056,1573,251,306,70,58
North America,US,Connecticut,2020-03-29,2434,1834,294,362,87,68
North America,US,Connecticut,2020-03-30,2853,2118,341,425,106,78
North America,US,Connecticut,2020-03-31,3317,2426,392,495,127,90
North America,US,Connecticut,2020-04-01,3826,2756,447,571,151,102
North America,US,Connecticut,2020-04-02,4378,3107,506,654,179,115
North America,US,Connecticut,2020-04-03,4976,3479,568,744,209,128
North America,US,Connecticut,2020-04-04,5622,3872,634,841,243,143
North America,US,Connecticut,2020-04-05,6315,4286,704,945,280,158
North America,US,Connecticut,2020-04-06,7052,4714,777,1055,320,174
North America,US,Connecticut,2020-04-07,7830,5154,853,1172,364,190
North America,US,Connecticut,2020-04-08,8649,5605,931,1295,412,206
North America,US,Connecticut,2020-04-09,9510,6065,1011,1424,463,223
North America,US,Connecticut,2020-04-10,10409,6533,1093,1559,517,240
North America,US,Connecticut,2020-04-11,11340,7002,1175,1698,576,257
North America,US,Connecticut,2020-04-12,12301,7468,1258,1842,637,274
North America,US,Connecticut,2020-04-13,13287,7929,1341,1990,702,291
North America,US,Connecticut,2020-04-14,14299,8383,1423,2142,771,307
North America,US,Connecticut,2020-04-15,15331,8829,1505,2297,842,323
North America,US,Connecticut,2020-04-16,16379,9260,1584,2454,916,339
North America,US,Connecticut,2020-04-17,17437,9673,1662,2613,993,353
North America,US,Connecticut,2020-04-18,18502,10065,1737,2773,1073,367
North America,US,Connecticut,2020-04-19,19570,10436,1808,2933,1154,381
North America,US,Connecticut,2020-04-20,20640,10784,1877,3093,1238,393
North America,US,Connecticut,2020-04-21,21707,11107,1942,3253,1324,404
North America,US,Connecticut,2020-04-22,22766,11401,2002,3412,1411,415
North America,US,Connecticut,2020-04-23,23814,11667,2059,3569,1499,424
North America,US,Connecticut,2020-04-24,24849,11902,2110,3725,1589,432
North America,US,Connecticut,2020-04-25,25868,12107,2157,3877,1679,439
North America,US,Connecticut,2020-04-26,26867,12280,2199,4027,1769,445
North America,US,Connecticut,2020-04-27,27844,12421,2236,4174,1860,449
North America,US,Connecticut,2020-04-28,28797,12530,2267,4317,1951,453
North America,US,Connecticut,2020-04-29,29726,12609,2294,4456,2041,455
North America,US,Connecticut,2020-04-30,30628,12658,2316,4591,2131,456
North America,US,Connecticut,2020-05-01,31502,12677,2332,4723,2219,456
North America,US,Connecticut,2020-05-02,32346,12667,2344,4849,2307,455
North America,US,Connecticut,2020-05-03,33158,12626,2350,4971,2394,453
North America,US,Connecticut,2020-05-04,33939,12559,2351,5088,2479,450
North America,US,Connecticut,2020-05-05,34689,12468,2349,5201,2563,446
North America,US,Connecticut,2020-05-06,35410,12354,2342,5309,2645,442
North America,US,Connecticut,2020-05-07,36098,12218,2331,5412,2725,436
North America,US,Connecticut,2020-05-08,36754,12059,2315,5510,2804,430
North America,US,Connecticut,2020-05-09,37376,11878,2296,5604,2880,423
North America,US,Connecticut,2020-05-10,37967,11680,2273,5692,2954,415
North America,US,Connecticut,2020-05-11,38530,11468,2247,5777,3026,407
North America,US,Connecticut,2020-05-12,39065,11243,2219,5857,3095,398
North America,US,Connecticut,2020-05-13,39572,11007,2187,5933,3163,389
North America,US,Connecticut,2020-05-14,40049,10759,2153,6005,3227,380
North America,US,Connecticut,2020-05-15,40495,10496,2117,6072,3290,370
North America,US,Connecticut,2020-05-16,40915,10225,2078,6135,3350,359
North America,US,Connecticut,2020-05-17,41310,9949,2037,6194,3408,349
North America,US,Connecticut,2020-05-18,41683,9669,1996,6250,3463,339
North America,US,Connecticut,2020-05-19,42033,9386,1953,6302,3516,328
North America,US,Connecticut,2020-05-20,42360,9101,1908,6351,3566,317
North America,US,Connecticut,2020-05-21,42664,8811,1863,6397,3614,307
North America,US,Connecticut,2020-05-22,42946,8519,1817,6439,3660,296
North America,US,Connecticut,2020-05-23,43210,8229,1770,6479,3704,285
North America,US,Connecticut,2020-05-24,43456,7941,1723,6516,3746,274
North America,US,Connecticut,2020-05-25,43686,7656,1675,6550,3785,264
North America,US,Connecticut,2020-05-26,43899,7373,1628,6582,3823,253
North America,US,Connecticut,2020-05-27,44095,7093,1580,6612,3858,243
North America,US,Connecticut,2020-05-28,44277,6817,1533,6639,3892,233
North America,US,Connecticut,2020-05-29,44445,6546,1486,6664,3923,223
North America,US,Connecticut,2020-05-30,44601,6281,1439,6687,3953,214
North America,US,Connecticut,2020-05-31,44745,6022,1393,6709,3982,204
North America,US,Connecticut,2020-06-01,44878,5769,1348,6729,4008,195
North America,US,Connecticut,2020-06-02,45000,5522,1303,6747,4033,186
North America,US,Connecticut,2020-06-03,45112,5281,1259,6764,4057,177
North America,US,Connecticut,2020-06-04,45215,5047,1215,6780,4079,169
North America,US,Connecticut,2020-06-05,45310,4821,1172,6794,4099,161
North America,US,Connecticut,2020-06-06,45398,4602,1131,6807,4119,153
North America,US,Connecticut,2020-06-07,45478,4390,1090,6819,4137,146
North America,US,Connecticut,2020-06-08,45551,4185,1050,6830,4154,138
North America,US,Connecticut,2020-06-09,45617,3986,1011,6840,4170,131
North America,US,Connecticut,2020-06-10,45678,3795,973,6849,4185,125
North America,US,Connecticut,2020-06-11,45734,3612,936,6857,4199,118
North America,US,Connecticut,2020-06-12,45785,3436,901,6865,4211,112
North America,US,Connecticut,2020-06-13,45832,3267,866,6872,4224,106
North America,US,Connecticut,2020-06-14,45874,3104,832,6878,4235,100
North America,US,Connecticut,2020-06-15,45913,2948,799,6884,4245,95
North America,US,Connecticut,2020-06-16,45948,2799,768,6889,4255,90
North America,US,Connecticut,2020-06-17,45980,2656,737,6894,4264,85
North America,US,Connecticut,2020-06-18,46009,2519,707,6899,4272,80
North America,US,Connecticut,2020-06-19,46035,2389,679,6903,4280,75
North America,US,Connecticut,2020-06-20,46059,2265,651,6906,4287,71
North America,US,Connecticut,2020-06-21,46081,2146,624,6909,4294,67
North America,US,Connecticut,2020-06-22,46100,2032,598,6912,4300,63
North America,US,Connecticut,2020-06-23,46118,1925,573,6915,4306,60
North America,US,Connecticut,2020-06-24,46134,1822,549,6917,4311,56
North America,US,Connecticut,2020-06-25,46148,1724,526,6920,4316,53
North America,US,Connecticut,2020-06-26,46161,1632,504,6922,4320,50
North America,US,Connecticut,2020-06-27,46173,1543,483,6923,4325,47
North America,US,Connecticut,2020-06-28,46184,1460,462,6925,4328,44
North America,US,Connecticut,2020-06-29,46193,1380,443,6926,4332,41
North America,US,Connecticut,2020-06-30,46202,1305,424,6928,4335,39
North America,US,Connecticut,2020-07-01,46210,1233,405,6929,4338,37
North America,US,Connecticut,2020-07-02,46217,1165,388,6930,4341,34
North America,US,Connecticut,2020-07-03,46223,1101,371,6931,4344,32
North America,US,Connecticut,2020-07-04,46229,1040,355,6932,4346,30
North America,US,Connecticut,2020-07-05,46234,982,339,6932,4348,28
North America,US,Connecticut,2020-07-06,46239,928,325,6933,4350,27
North America,US,Connecticut,2020-07-07,46243,876,310,6934,4352,25
North America,US,Connecticut,2020-07-08,46246,827,297,6934,4354,23
North America,US,Connecticut,2020-07-09,46250,781,284,6935,4355,22
North America,US,Connecticut,2020-07-10,46253,737,271,6935,4356,21
North America,US,Connecticut,2020-07-11,46255,696,259,6936,4358,19
North America,US,Connecticut,2020-07-12,46258,657,248,6936,4359,18
North America,US,Connecticut,2020-07-13,46260,620,237,6936,4360,17
North America,US,Connecticut,2020-07-14,46262,585,226,6937,4361,16
North America,US,Connecticut,2020-07-15,46263,552,216,6937,4362,15
North America,US,Connecticut,2020-07-16,46265,521,207,6937,4363,14
North America,US,Connecticut,2020-07-17,46266,492,198,6937,4364,13
North America,US,Connecticut,2020-07-18,46267,464,189,6937,4364,12
North America,US,Connecticut,2020-07-19,46269,438,180,6938,4365,11
North America,US,Connecticut,2020-07-20,46270,413,172,6938,4365,11
North America,US,Connecticut,2020-07-21,46270,390,165,6938,4366,10
North America,US,Connecticut,2020-07-22,46271,368,157,6938,4366,9
North America,US,Connecticut,2020-07-23,46272,347,150,6938,4367,9
North America,US,Connecticut,2020-07-24,46272,328,143,6938,4367,8
North America,US,Connecticut,2020-07-25,46273,309,137,6938,4368,8
North America,US,Connecticut,2020-07-26,46273,292,131,6938,4368,7
North America,US,Connecticut,2020-07-27,46274,276,125,6938,4368,7
North America,US,Connecticut,2020-07-28,46274,260,119,6938,4369,6
North America,US,Connecticut,2020-07-29,46275,246,114,6938,4369,6
North America,US,Connecticut,2020-07-30,46275,232,109,6939,4369,5
North America,US,Connecticut,2020-07-31,46275,219,104,6939,4369,5
North America,US,Connecticut,2020-08-01,46275,207,99,6939,4370,5
North America,US,Connecticut,2020-08-02,46276,195,95,6939,4370,4
North America,US,Connecticut,2020-08-03,46276,184,91,6939,4370,4
North America,US,Connecticut,2020-08-04,46276,174,87,6939,4370,4
North America,US,Connecticut,2020-08-05,46276,164,83,6939,4370,4
North America,US,Connecticut,2020-08-06,46276,155,79,6939,4370,3
North America,US,Connecticut,2020-08-07,46276,147,75,6939,4370,3
North America,US,Connecticut,2020-08-08,46276,138,72,6939,4371,3
North America,US,Connecticut,2020-08-09,46277,131,69,6939,4371,3
North America,US,Connecticut,2020-08-10,46277,124,66,6939,4371,3
North America,US,Connecticut,2020-08-11,46277,117,63,6939,4371,2
North America,US,Connecticut,2020-08-12,46277,110,60,6939,4371,2
North America,US,Connecticut,2020-08-13,46277,104,57,6939,4371,2
North America,US,Connecticut,2020-08-14,46277,99,55,6939,4371,2
North America,US,Connecticut,2020-08-15,46277,93,52,6939,4371,2
North America,US,Connecticut,2020-08-16,46277,88,50,6939,4371,2
North America,US,Connecticut,2020-08-17,46277,83,47,6939,4371,2
North America,US,Connecticut,2020-08-18,46277,79,45,6939,4371,1
North America,US,Connecticut,2020-08-19,46277,75,43,6939,4371,1
North America,US,Connecticut,2020-08-20,46277,71,41,6939,4371,1
North America,US,Connecticut,2020-08-21,46277,67,39,6939,4371,1
North America,US,Connecticut,2020-08-22,46277,63,38,6939,4371,1
North America,US,Connecticut,2020-08-23,46277,60,36,6939,4371,1
North America,US,Connecticut,2020-08-24,46277,56,34,6939,4371,1
North America,US,Connecticut,2020-08-25,46277,53,33,6939,4371,1
North America,US,Connecticut,2020-08-26,46277,51,31,6939,4371,1
North America,US,Connecticut,2020-08-27,46277,48,30,6939,4371,1
North America,US,Connecticut,2020-08-28,46277,45,29,6939,4371,1
North America,US,Connecticut,2020-08-29,46277,43,27,6939,4371,1
North America,US,Connecticut,2020-08-30,46277,41,26,6939,4371,1
North America,US,Connecticut,2020-08-31,46277,39,25,6939,4371,1
North America,US,Connecticut,2020-09-01,46277,36,24,6939,4371,1
North America,US,Delaware,2020-03-24,104,104,16,16,0,4
North America,US,Delaware,2020-03-25,111,104,16,17,0,4
North America,US,Delaware,2020-03-26,122,109,17,18,1,4
North America,US,Delaware,2020-03-27,138,117,18,21,1,4
North America,US,Delaware,2020-03-28,158,129,20,24,1,5
North America,US,Delaware,2020-03-29,182,145,23,27,1,5
North America,US,Delaware,2020-03-30,213,165,27,32,2,6
North America,US,Delaware,2020-03-31,249,190,31,37,2,7
North America,US,Delaware,2020-04-01,291,219,35,44,3,8
North America,US,Delaware,2020-04-02,340,252,41,51,3,9
North America,US,Delaware,2020-04-03,396,291,47,59,4,11
North America,US,Delaware,2020-04-04,460,335,55,69,5,12
North America,US,Delaware,2020-04-05,532,383,63,80,6,14
North America,US,Delaware,2020-04-06,613,438,72,92,7,16
North America,US,Delaware,2020-04-07,703,497,82,105,8,18
North America,US,Delaware,2020-04-08,803,562,92,120,10,21
North America,US,Delaware,2020-04-09,912,633,104,137,11,23
North America,US,Delaware,2020-04-10,1033,710,117,155,13,26
North America,US,Delaware,2020-04-11,1163,791,131,174,15,29
North America,US,Delaware,2020-04-12,1303,878,146,195,17,32
North America,US,Delaware,2020-04-13,1455,969,161,218,20,36
North America,US,Delaware,2020-04-14,1617,1066,178,243,22,39
North America,US,Delaware,2020-04-15,1790,1166,195,268,25,43
North America,US,Delaware,2020-04-16,1972,1269,213,296,28,47
North America,US,Delaware,2020-04-17,2164,1376,231,325,32,50
North America,US,Delaware,2020-04-18,2366,1484,250,355,36,54
North America,US,Delaware,2020-04-19,2576,1596,270,386,40,58
North America,US,Delaware,2020-04-20,2796,1708,290,419,44,63
North America,US,Delaware,2020-04-21,3022,1820,310,453,49,67
North America,US,Delaware,2020-04-22,3255,1932,330,488,54,71
North America,US,Delaware,2020-04-23,3495,2043,350,524,59,75
North America,US,Delaware,2020-04-24,3741,2152,370,561,65,79
North America,US,Delaware,2020-04-25,3991,2260,390,599,71,83
North America,US,Delaware,2020-04-26,4245,2365,409,637,77,86
North America,US,Delaware,2020-04-27,4502,2465,428,675,83,90
North America,US,Delaware,2020-04-28,4761,2561,447,714,90,93
North America,US,Delaware,2020-04-29,5022,2653,465,753,97,97
North America,US,Delaware,2020-04-30,5283,2741,482,793,104,100
North America,US,Delaware,2020-05-01,5545,2823,498,832,112,103
North America,US,Delaware,2020-05-02,5805,2898,514,871,120,105
North America,US,Delaware,2020-05-03,6064,2967,528,910,128,108
North America,US,Delaware,2020-05-04,6320,3030,542,948,136,110
North America,US,Delaware,2020-05-05,6573,3085,554,986,144,112
North America,US,Delaware,2020-05-06,6822,3134,566,1023,153,113
North America,US,Delaware,2020-05-07,7068,3176,576,1060,161,115
North America,US,Delaware,2020-05-08,7308,3210,585,1096,170,116
North America,US,Delaware,2020-05-09,7544,3238,593,1132,179,117
North America,US,Delaware,2020-05-10,7774,3258,600,1166,188,117
North America,US,Delaware,2020-05-11,7998,3273,605,1200,197,118
North America,US,Delaware,2020-05-12,8217,3280,610,1233,206,118
North America,US,Delaware,2020-05-13,8429,3281,613,1264,215,118
North America,US,Delaware,2020-05-14,8633,3274,615,1295,224,117
North America,US,Delaware,2020-05-15,8830,3261,616,1324,234,117
North America,US,Delaware,2020-05-16,9020,3242,616,1353,243,116
North America,US,Delaware,2020-05-17,9203,3218,615,1381,252,115
North America,US,Delaware,2020-05-18,9380,3189,613,1407,261,114
North America,US,Delaware,2020-05-19,9549,3154,610,1432,270,112
North America,US,Delaware,2020-05-20,9711,3115,606,1457,279,111
North America,US,Delaware,2020-05-21,9865,3071,601,1480,288,109
North America,US,Delaware,2020-05-22,10013,3022,595,1502,296,107
North America,US,Delaware,2020-05-23,10153,2971,589,1523,305,105
North America,US,Delaware,2020-05-24,10287,2916,582,1543,313,103
North America,US,Delaware,2020-05-25,10415,2859,574,1562,322,101
North America,US,Delaware,2020-05-26,10535,2798,565,1580,330,99
North America,US,Delaware,2020-05-27,10649,2735,556,1597,338,96
North America,US,Delaware,2020-05-28,10756,2670,547,1613,346,94
North America,US,Delaware,2020-05-29,10858,2603,537,1629,353,91
North America,US,Delaware,2020-05-30,10955,2536,527,1643,361,89
North America,US,Delaware,2020-05-31,11046,2467,516,1657,368,86
North America,US,Delaware,2020-06-01,11131,2397,505,1670,376,83
North America,US,Delaware,2020-06-02,11210,2326,494,1682,383,81
North America,US,Delaware,2020-06-03,11285,2255,482,1693,389,78
North America,US,Delaware,2020-06-04,11356,2184,471,1703,396,76
North America,US,Delaware,2020-06-05,11422,2113,459,1713,402,73
North America,US,Delaware,2020-06-06,11484,2043,447,1723,409,70
North America,US,Delaware,2020-06-07,11542,1973,435,1731,415,68
North America,US,Delaware,2020-06-08,11595,1904,423,1739,421,65
North America,US,Delaware,2020-06-09,11645,1835,412,1747,426,63
North America,US,Delaware,2020-06-10,11691,1767,400,1754,432,60
North America,US,Delaware,2020-06-11,11735,1701,388,1760,437,58
North America,US,Delaware,2020-06-12,11775,1636,376,1766,442,56
North America,US,Delaware,2020-06-13,11813,1572,365,1772,447,53
North America,US,Delaware,2020-06-14,11847,1509,353,1777,452,51
North America,US,Delaware,2020-06-15,11879,1448,342,1782,457,49
North America,US,Delaware,2020-06-16,11909,1388,331,1786,461,47
North America,US,Delaware,2020-06-17,11937,1330,320,1790,466,45
North America,US,Delaware,2020-06-18,11962,1273,309,1794,470,43
North America,US,Delaware,2020-06-19,11986,1218,298,1798,474,41
North America,US,Delaware,2020-06-20,12007,1165,288,1801,477,39
North America,US,Delaware,2020-06-21,12027,1113,278,1804,481,37
North America,US,Delaware,2020-06-22,12045,1063,268,1807,485,35
North America,US,Delaware,2020-06-23,12062,1015,258,1809,488,33
North America,US,Delaware,2020-06-24,12078,968,249,1812,491,32
North America,US,Delaware,2020-06-25,12092,924,239,1814,494,30
North America,US,Delaware,2020-06-26,12105,880,231,1816,497,29
North America,US,Delaware,2020-06-27,12117,838,222,1818,500,27
North America,US,Delaware,2020-06-28,12128,798,213,1819,503,26
North America,US,Delaware,2020-06-29,12138,760,205,1821,506,24
North America,US,Delaware,2020-06-30,12148,723,197,1822,508,23
North America,US,Delaware,2020-07-01,12156,688,189,1823,510,22
North America,US,Delaware,2020-07-02,12164,654,182,1825,513,21
North America,US,Delaware,2020-07-03,12171,621,175,1826,515,20
North America,US,Delaware,2020-07-04,12177,590,168,1827,517,19
North America,US,Delaware,2020-07-05,12183,560,161,1827,519,18
North America,US,Delaware,2020-07-06,12188,532,154,1828,521,17
North America,US,Delaware,2020-07-07,12193,505,148,1829,523,16
North America,US,Delaware,2020-07-08,12198,479,142,1830,524,15
North America,US,Delaware,2020-07-09,12202,454,136,1830,526,14
North America,US,Delaware,2020-07-10,12205,431,131,1831,528,13
North America,US,Delaware,2020-07-11,12209,408,125,1831,529,12
North America,US,Delaware,2020-07-12,12212,387,120,1832,530,12
North America,US,Delaware,2020-07-13,12214,366,115,1832,532,11
North America,US,Delaware,2020-07-14,12217,347,110,1833,533,10
North America,US,Delaware,2020-07-15,12219,329,105,1833,534,10
North America,US,Delaware,2020-07-16,12221,311,101,1833,535,9
North America,US,Delaware,2020-07-17,12223,295,97,1833,537,9
North America,US,Delaware,2020-07-18,12225,279,92,1834,538,8
North America,US,Delaware,2020-07-19,12226,264,88,1834,539,8
North America,US,Delaware,2020-07-20,12228,250,85,1834,540,7
North America,US,Delaware,2020-07-21,12229,236,81,1834,541,7
North America,US,Delaware,2020-07-22,12230,223,77,1835,541,6
North America,US,Delaware,2020-07-23,12231,211,74,1835,542,6
North America,US,Delaware,2020-07-24,12232,200,71,1835,543,6
North America,US,Delaware,2020-07-25,12233,189,68,1835,544,5
North America,US,Delaware,2020-07-26,12233,179,65,1835,544,5
North America,US,Delaware,2020-07-27,12234,169,62,1835,545,5
North America,US,Delaware,2020-07-28,12235,160,59,1835,546,4
North America,US,Delaware,2020-07-29,12235,151,57,1835,546,4
North America,US,Delaware,2020-07-30,12236,143,54,1835,547,4
North America,US,Delaware,2020-07-31,12236,135,52,1835,547,4
North America,US,Delaware,2020-08-01,12237,127,49,1835,548,3
North America,US,Delaware,2020-08-02,12237,120,47,1836,548,3
North America,US,Delaware,2020-08-03,12237,114,45,1836,549,3
North America,US,Delaware,2020-08-04,12238,107,43,1836,549,3
North America,US,Delaware,2020-08-05,12238,102,41,1836,550,3
North America,US,Delaware,2020-08-06,12238,96,39,1836,550,2
North America,US,Delaware,2020-08-07,12238,91,38,1836,551,2
North America,US,Delaware,2020-08-08,12238,86,36,1836,551,2
North America,US,Delaware,2020-08-09,12239,81,34,1836,551,2
North America,US,Delaware,2020-08-10,12239,76,33,1836,552,2
North America,US,Delaware,2020-08-11,12239,72,31,1836,552,2
North America,US,Delaware,2020-08-12,12239,68,30,1836,552,2
North America,US,Delaware,2020-08-13,12239,65,29,1836,552,2
North America,US,Delaware,2020-08-14,12239,61,27,1836,553,1
North America,US,Delaware,2020-08-15,12239,58,26,1836,553,1
North America,US,Delaware,2020-08-16,12239,54,25,1836,553,1
North America,US,Delaware,2020-08-17,12239,51,24,1836,553,1
North America,US,Delaware,2020-08-18,12239,49,23,1836,554,1
North America,US,Delaware,2020-08-19,12239,46,22,1836,554,1
North America,US,Delaware,2020-08-20,12240,43,21,1836,554,1
North America,US,Delaware,2020-08-21,12240,41,20,1836,554,1
North America,US,Delaware,2020-08-22,12240,39,19,1836,554,1
North America,US,Delaware,2020-08-23,12240,37,18,1836,555,1
North America,US,Delaware,2020-08-24,12240,35,17,1836,555,1
North America,US,Delaware,2020-08-25,12240,33,16,1836,555,1
North America,US,Delaware,2020-08-26,12240,31,16,1836,555,1
North America,US,Delaware,2020-08-27,12240,29,15,1836,555,1
North America,US,Delaware,2020-08-28,12240,28,14,1836,555,1
North America,US,Delaware,2020-08-29,12240,26,14,1836,555,1
North America,US,Delaware,2020-08-30,12240,25,13,1836,555,1
North America,US,Delaware,2020-08-31,12240,23,12,1836,556,0
North America,US,Delaware,2020-09-01,12240,22,12,1836,556,0
North America,US,District of Columbia,2020-03-22,102,90,14,14,2,3
North America,US,District of Columbia,2020-03-23,180,160,24,25,2,6
North America,US,District of Columbia,2020-03-24,257,224,35,37,3,8
North America,US,District of Columbia,2020-03-25,339,290,45,49,4,11
North America,US,District of Columbia,2020-03-26,431,360,56,63,5,13
North America,US,District of Columbia,2020-03-27,533,437,69,78,6,16
North America,US,District of Columbia,2020-03-28,649,522,83,96,7,19
North America,US,District of Columbia,2020-03-29,778,614,98,115,9,23
North America,US,District of Columbia,2020-03-30,921,715,114,136,11,26
North America,US,District of Columbia,2020-03-31,1080,823,132,160,13,30
North America,US,District of Columbia,2020-04-01,1252,939,152,186,16,35
North America,US,District of Columbia,2020-04-02,1438,1060,172,214,19,39
North America,US,District of Columbia,2020-04-03,1639,1188,194,244,22,44
North America,US,District of Columbia,2020-04-04,1852,1320,216,276,26,49
North America,US,District of Columbia,2020-04-05,2076,1455,239,310,30,54
North America,US,District of Columbia,2020-04-06,2312,1592,263,345,35,59
North America,US,District of Columbia,2020-04-07,2557,1730,287,382,40,64
North America,US,District of Columbia,2020-04-08,2810,1868,311,420,46,69
North America,US,District of Columbia,2020-04-09,3071,2003,335,459,52,74
North America,US,District of Columbia,2020-04-10,3336,2135,359,499,58,78
North America,US,District of Columbia,2020-04-11,3605,2263,382,539,65,83
North America,US,District of Columbia,2020-04-12,3877,2385,405,580,72,87
North America,US,District of Columbia,2020-04-13,4150,2500,426,621,80,92
North America,US,District of Columbia,2020-04-14,4423,2609,447,662,88,95
North America,US,District of Columbia,2020-04-15,4694,2709,466,702,96,99
North America,US,District of Columbia,2020-04-16,4963,2800,485,743,105,102
North America,US,District of Columbia,2020-04-17,5228,2882,501,782,114,105
North America,US,District of Columbia,2020-04-18,5488,2955,517,821,123,108
North America,US,District of Columbia,2020-04-19,5742,3017,531,859,133,110
North America,US,District of Columbia,2020-04-20,5989,3068,543,896,143,111
North America,US,District of Columbia,2020-04-21,6229,3110,553,933,153,113
North America,US,District of Columbia,2020-04-22,6461,3142,562,967,163,114
North America,US,District of Columbia,2020-04-23,6686,3165,570,1001,173,114
North America,US,District of Columbia,2020-04-24,6903,3178,576,1034,184,115
North America,US,District of Columbia,2020-04-25,7109,3181,580,1065,194,115
North America,US,District of Columbia,2020-04-26,7306,3174,582,1094,205,114
North America,US,District of Columbia,2020-04-27,7494,3159,583,1122,215,114
North America,US,District of Columbia,2020-04-28,7674,3138,583,1149,226,113
North America,US,District of Columbia,2020-04-29,7844,3109,582,1175,236,111
North America,US,District of Columbia,2020-04-30,8006,3072,579,1199,247,110
North America,US,District of Columbia,2020-05-01,8157,3029,575,1222,257,108
North America,US,District of Columbia,2020-05-02,8299,2980,570,1243,267,106
North America,US,District of Columbia,2020-05-03,8434,2925,564,1263,278,104
North America,US,District of Columbia,2020-05-04,8560,2867,557,1282,288,102
North America,US,District of Columbia,2020-05-05,8679,2805,549,1300,298,100
North America,US,District of Columbia,2020-05-06,8790,2740,540,1317,307,97
North America,US,District of Columbia,2020-05-07,8892,2670,531,1332,317,94
North America,US,District of Columbia,2020-05-08,8988,2598,521,1346,326,92
North America,US,District of Columbia,2020-05-09,9077,2524,510,1360,335,89
North America,US,District of Columbia,2020-05-10,9160,2449,499,1372,344,86
North America,US,District of Columbia,2020-05-11,9236,2373,488,1384,353,83
North America,US,District of Columbia,2020-05-12,9307,2296,476,1394,362,80
North America,US,District of Columbia,2020-05-13,9373,2218,464,1404,370,77
North America,US,District of Columbia,2020-05-14,9433,2140,452,1413,378,75
North America,US,District of Columbia,2020-05-15,9488,2063,439,1421,386,72
North America,US,District of Columbia,2020-05-16,9539,1986,427,1429,393,69
North America,US,District of Columbia,2020-05-17,9586,1911,414,1436,401,66
North America,US,District of Columbia,2020-05-18,9630,1836,402,1443,408,63
North America,US,District of Columbia,2020-05-19,9669,1761,389,1449,415,61
North America,US,District of Columbia,2020-05-20,9705,1689,377,1454,421,58
North America,US,District of Columbia,2020-05-21,9738,1618,365,1459,428,55
North America,US,District of Columbia,2020-05-22,9768,1548,353,1463,434,53
North America,US,District of Columbia,2020-05-23,9795,1481,341,1467,440,50
North America,US,District of Columbia,2020-05-24,9820,1415,329,1471,446,48
North America,US,District of Columbia,2020-05-25,9843,1351,317,1475,451,46
North America,US,District of Columbia,2020-05-26,9863,1289,306,1478,456,43
North America,US,District of Columbia,2020-05-27,9882,1229,295,1481,462,41
North America,US,District of Columbia,2020-05-28,9899,1171,284,1483,467,39
North America,US,District of Columbia,2020-05-29,9915,1115,273,1485,471,37
North America,US,District of Columbia,2020-05-30,9929,1061,263,1487,476,35
North America,US,District of Columbia,2020-05-31,9941,1010,253,1489,480,33
North America,US,District of Columbia,2020-06-01,9953,960,243,1491,484,32
North America,US,District of Columbia,2020-06-02,9963,912,234,1493,488,30
North America,US,District of Columbia,2020-06-03,9972,866,224,1494,492,28
North America,US,District of Columbia,2020-06-04,9980,822,215,1495,496,27
North America,US,District of Columbia,2020-06-05,9988,780,207,1496,499,25
North America,US,District of Columbia,2020-06-06,9995,740,198,1497,503,24
North America,US,District of Columbia,2020-06-07,10001,702,190,1498,506,23
North America,US,District of Columbia,2020-06-08,10006,665,182,1499,509,21
North America,US,District of Columbia,2020-06-09,10011,630,175,1500,512,20
North America,US,District of Columbia,2020-06-10,10015,597,168,1501,515,19
North America,US,District of Columbia,2020-06-11,10019,565,161,1501,517,18
North America,US,District of Columbia,2020-06-12,10023,535,154,1502,520,17
North America,US,District of Columbia,2020-06-13,10026,506,147,1502,522,16
North America,US,District of Columbia,2020-06-14,10029,479,141,1503,525,15
North America,US,District of Columbia,2020-06-15,10031,453,135,1503,527,14
North America,US,District of Columbia,2020-06-16,10034,429,129,1503,529,13
North America,US,District of Columbia,2020-06-17,10036,405,124,1504,531,12
North America,US,District of Columbia,2020-06-18,10037,383,118,1504,533,12
North America,US,District of Columbia,2020-06-19,10039,362,113,1504,535,11
North America,US,District of Columbia,2020-06-20,10040,342,108,1504,537,10
North America,US,District of Columbia,2020-06-21,10042,323,104,1504,538,10
North America,US,District of Columbia,2020-06-22,10043,306,99,1505,540,9
North America,US,District of Columbia,2020-06-23,10044,289,95,1505,541,9
North America,US,District of Columbia,2020-06-24,10045,273,91,1505,543,8
North America,US,District of Columbia,2020-06-25,10046,258,87,1505,544,8
North America,US,District of Columbia,2020-06-26,10046,243,83,1505,546,7
North America,US,District of Columbia,2020-06-27,10047,230,79,1505,547,7
North America,US,District of Columbia,2020-06-28,10047,217,76,1505,548,6
North America,US,District of Columbia,2020-06-29,10048,205,72,1505,549,6
North America,US,District of Columbia,2020-06-30,10048,194,69,1505,550,6
North America,US,District of Columbia,2020-07-01,10049,183,66,1506,551,5
North America,US,District of Columbia,2020-07-02,10049,173,63,1506,552,5
North America,US,District of Columbia,2020-07-03,10049,163,60,1506,553,5
North America,US,District of Columbia,2020-07-04,10050,154,57,1506,554,4
North America,US,District of Columbia,2020-07-05,10050,145,55,1506,555,4
North America,US,District of Columbia,2020-07-06,10050,137,52,1506,556,4
North America,US,District of Columbia,2020-07-07,10050,130,50,1506,557,4
North America,US,District of Columbia,2020-07-08,10050,122,48,1506,557,3
North America,US,District of Columbia,2020-07-09,10051,116,46,1506,558,3
North America,US,District of Columbia,2020-07-10,10051,109,44,1506,559,3
North America,US,District of Columbia,2020-07-11,10051,103,42,1506,559,3
North America,US,District of Columbia,2020-07-12,10051,97,40,1506,560,3
North America,US,District of Columbia,2020-07-13,10051,92,38,1506,560,2
North America,US,District of Columbia,2020-07-14,10051,87,36,1506,561,2
North America,US,District of Columbia,2020-07-15,10051,82,35,1506,562,2
North America,US,District of Columbia,2020-07-16,10051,78,33,1506,562,2
North America,US,District of Columbia,2020-07-17,10051,73,32,1506,562,2
North America,US,District of Columbia,2020-07-18,10051,69,30,1506,563,2
North America,US,District of Columbia,2020-07-19,10051,65,29,1506,563,2
North America,US,District of Columbia,2020-07-20,10051,62,28,1506,564,2
North America,US,District of Columbia,2020-07-21,10051,58,26,1506,564,1
North America,US,District of Columbia,2020-07-22,10051,55,25,1506,564,1
North America,US,District of Columbia,2020-07-23,10051,52,24,1506,565,1
North America,US,District of Columbia,2020-07-24,10051,49,23,1506,565,1
North America,US,District of Columbia,2020-07-25,10052,47,22,1506,565,1
North America,US,District of Columbia,2020-07-26,10052,44,21,1506,566,1
North America,US,District of Columbia,2020-07-27,10052,42,20,1506,566,1
North America,US,District of Columbia,2020-07-28,10052,39,19,1506,566,1
North America,US,District of Columbia,2020-07-29,10052,37,18,1506,567,1
North America,US,District of Columbia,2020-07-30,10052,35,17,1506,567,1
North America,US,District of Columbia,2020-07-31,10052,33,17,1506,567,1
North America,US,District of Columbia,2020-08-01,10052,32,16,1506,567,1
North America,US,District of Columbia,2020-08-02,10052,30,15,1506,568,1
North America,US,District of Columbia,2020-08-03,10052,28,14,1506,568,1
North America,US,District of Columbia,2020-08-04,10052,27,14,1506,568,1
North America,US,District of Columbia,2020-08-05,10052,25,13,1506,568,1
North America,US,District of Columbia,2020-08-06,10052,24,13,1506,568,1
North America,US,District of Columbia,2020-08-07,10052,23,12,1506,568,0
North America,US,District of Columbia,2020-08-08,10052,22,11,1506,569,0
North America,US,District of Columbia,2020-08-09,10052,20,11,1506,569,0
North America,US,District of Columbia,2020-08-10,10052,19,10,1506,569,0
North America,US,District of Columbia,2020-08-11,10052,18,10,1506,569,0
North America,US,District of Columbia,2020-08-12,10052,17,9,1506,569,0
North America,US,District of Columbia,2020-08-13,10052,16,9,1506,569,0
North America,US,District of Columbia,2020-08-14,10052,16,9,1506,569,0
North America,US,District of Columbia,2020-08-15,10052,15,8,1506,569,0
North America,US,District of Columbia,2020-08-16,10052,14,8,1506,570,0
North America,US,District of Columbia,2020-08-17,10052,13,8,1506,570,0
North America,US,District of Columbia,2020-08-18,10052,13,7,1506,570,0
North America,US,District of Columbia,2020-08-19,10052,12,7,1506,570,0
North America,US,District of Columbia,2020-08-20,10052,11,7,1506,570,0
North America,US,District of Columbia,2020-08-21,10052,11,6,1506,570,0
North America,US,District of Columbia,2020-08-22,10052,10,6,1506,570,0
North America,US,District of Columbia,2020-08-23,10052,10,6,1506,570,0
North America,US,District of Columbia,2020-08-24,10052,9,5,1506,570,0
North America,US,District of Columbia,2020-08-25,10052,9,5,1506,570,0
North America,US,District of Columbia,2020-08-26,10052,8,5,1506,570,0
North America,US,District of Columbia,2020-08-27,10052,8,5,1506,570,0
North America,US,District of Columbia,2020-08-28,10052,7,5,1506,571,0
North America,US,District of Columbia,2020-08-29,10052,7,4,1506,571,0
North America,US,District of Columbia,2020-08-30,10052,7,4,1506,571,0
North America,US,District of Columbia,2020-08-31,10052,6,4,1506,571,0
North America,US,District of Columbia,2020-09-01,10052,6,4,1506,571,0
North America,US,Florida,2020-03-16,101,83,12,12,3,3
North America,US,Florida,2020-03-17,110,87,13,14,3,3
North America,US,Florida,2020-03-18,129,100,15,17,3,4
North America,US,Florida,2020-03-19,157,121,19,21,3,4
North America,US,Florida,2020-03-20,195,149,24,27,3,6
North America,US,Florida,2020-03-21,244,187,30,34,4,7
North America,US,Florida,2020-03-22,306,236,37,43,4,9
North America,US,Florida,2020-03-23,386,298,47,55,4,11
North America,US,Florida,2020-03-24,485,376,60,70,5,14
North America,US,Florida,2020-03-25,608,472,75,89,5,17
North America,US,Florida,2020-03-26,760,589,94,111,6,22
North America,US,Florida,2020-03-27,947,733,117,139,7,27
North America,US,Florida,2020-03-28,1175,907,145,174,7,34
North America,US,Florida,2020-03-29,1449,1116,179,215,9,41
North America,US,Florida,2020-03-30,1776,1362,219,264,10,50
North America,US,Florida,2020-03-31,2166,1654,266,322,12,61
North America,US,Florida,2020-04-01,2627,1996,322,391,14,74
North America,US,Florida,2020-04-02,3166,2393,386,472,17,89
North America,US,Florida,2020-04-03,3792,2847,461,566,20,105
North America,US,Florida,2020-04-04,4515,3368,546,674,24,125
North America,US,Florida,2020-04-05,5346,3961,643,799,28,146
North America,US,Florida,2020-04-06,6291,4627,752,941,33,171
North America,US,Florida,2020-04-07,7357,5368,875,1101,39,198
North America,US,Florida,2020-04-08,8557,6191,1011,1281,46,229
North America,US,Florida,2020-04-09,9902,7104,1163,1483,54,262
North America,US,Florida,2020-04-10,11394,8101,1329,1706,63,299
North America,US,Florida,2020-04-11,13037,9181,1510,1953,73,338
North America,US,Florida,2020-04-12,14838,10347,1705,2223,85,381
North America,US,Florida,2020-04-13,16811,11605,1918,2519,98,427
North America,US,Florida,2020-04-14,18956,12952,2145,2841,113,477
North America,US,Florida,2020-04-15,21268,14375,2387,3187,130,529
North America,US,Florida,2020-04-16,23748,15871,2643,3559,148,584
North America,US,Florida,2020-04-17,26402,17440,2912,3958,169,641
North America,US,Florida,2020-04-18,29236,19087,3196,4383,191,701
North America,US,Florida,2020-04-19,32241,20796,3492,4834,215,763
North America,US,Florida,2020-04-20,35406,22552,3798,5308,242,827
North America,US,Florida,2020-04-21,38726,24346,4113,5806,271,893
North America,US,Florida,2020-04-22,42201,26178,4436,6327,302,959
North America,US,Florida,2020-04-23,45833,28048,4768,6872,336,1027
North America,US,Florida,2020-04-24,49609,29941,5106,7439,372,1096
North America,US,Florida,2020-04-25,53508,31834,5447,8024,410,1164
North America,US,Florida,2020-04-26,57520,33717,5789,8625,451,1232
North America,US,Florida,2020-04-27,61639,35583,6130,9243,494,1299
North America,US,Florida,2020-04-28,65862,37435,6472,9877,540,1366
North America,US,Florida,2020-04-29,70182,39266,6813,10525,588,1432
North America,US,Florida,2020-04-30,74574,41053,7148,11183,639,1496
North America,US,Florida,2020-05-01,79021,42780,7477,11850,692,1557
North America,US,Florida,2020-05-02,83510,44439,7797,12524,747,1617
North America,US,Florida,2020-05-03,88033,46027,8107,13202,805,1673
North America,US,Florida,2020-05-04,92588,47548,8408,13886,864,1727
North America,US,Florida,2020-05-05,97164,48995,8698,14572,926,1778
North America,US,Florida,2020-05-06,101738,50351,8975,15258,990,1825
North America,US,Florida,2020-05-07,106294,51605,9237,15941,1055,1869
North America,US,Florida,2020-05-08,110821,52752,9483,16620,1123,1909
North America,US,Florida,2020-05-09,115310,53790,9712,17294,1192,1945
North America,US,Florida,2020-05-10,119757,54723,9924,17961,1262,1976
North America,US,Florida,2020-05-11,124159,55557,10120,18621,1334,2005
North America,US,Florida,2020-05-12,128498,56279,10299,19272,1408,2029
North America,US,Florida,2020-05-13,132764,56886,10458,19912,1482,2048
North America,US,Florida,2020-05-14,136949,57377,10598,20540,1557,2064
North America,US,Florida,2020-05-15,141044,57752,10719,21154,1634,2075
North America,US,Florida,2020-05-16,145045,58013,10821,21754,1711,2082
North America,US,Florida,2020-05-17,148949,58165,10903,22340,1788,2085
North America,US,Florida,2020-05-18,152753,58212,10967,22910,1866,2084
North America,US,Florida,2020-05-19,156447,58151,11013,23464,1944,2080
North America,US,Florida,2020-05-20,160029,57986,11039,24002,2023,2071
North America,US,Florida,2020-05-21,163500,57725,11049,24522,2101,2059
North America,US,Florida,2020-05-22,166861,57376,11041,25026,2179,2044
North America,US,Florida,2020-05-23,170109,56942,11018,25514,2258,2026
North America,US,Florida,2020-05-24,173240,56424,10979,25983,2335,2005
North America,US,Florida,2020-05-25,176249,55822,10923,26435,2413,1981
North America,US,Florida,2020-05-26,179129,55132,10851,26867,2489,1954
North America,US,Florida,2020-05-27,181887,54367,10764,27280,2566,1924
North America,US,Florida,2020-05-28,184532,53542,10665,27677,2641,1892
North America,US,Florida,2020-05-29,187068,52666,10554,28058,2716,1858
North America,US,Florida,2020-05-30,189496,51742,10433,28422,2789,1822
North America,US,Florida,2020-05-31,191810,50768,10300,28769,2862,1785
North America,US,Florida,2020-06-01,194005,49738,10156,29098,2933,1746
North America,US,Florida,2020-06-02,196087,48664,10002,29410,3004,1706
North America,US,Florida,2020-06-03,198069,47561,9840,29708,3073,1664
North America,US,Florida,2020-06-04,199953,46434,9671,29990,3141,1622
North America,US,Florida,2020-06-05,201743,45289,9496,30259,3207,1579
North America,US,Florida,2020-06-06,203438,44124,9315,30513,3273,1536
North America,US,Florida,2020-06-07,205031,42934,9127,30752,3337,1491
North America,US,Florida,2020-06-08,206532,41728,8934,30977,3399,1447
North America,US,Florida,2020-06-09,207949,40517,8737,31190,3460,1402
North America,US,Florida,2020-06-10,209288,39308,8538,31391,3520,1357
North America,US,Florida,2020-06-11,210553,38104,8337,31580,3578,1313
North America,US,Florida,2020-06-12,211742,36903,8135,31759,3634,1269
North America,US,Florida,2020-06-13,212854,35702,7930,31925,3689,1225
North America,US,Florida,2020-06-14,213892,34504,7723,32081,3743,1182
North America,US,Florida,2020-06-15,214865,33319,7516,32227,3795,1138
North America,US,Florida,2020-06-16,215779,32151,7310,32364,3845,1096
North America,US,Florida,2020-06-17,216637,31002,7105,32493,3894,1054
North America,US,Florida,2020-06-18,217441,29874,6902,32613,3942,1013
North America,US,Florida,2020-06-19,218189,28762,6699,32726,3988,973
North America,US,Florida,2020-06-20,218881,27666,6498,32829,4033,934
North America,US,Florida,2020-06-21,219526,26592,6298,32926,4076,895
North America,US,Florida,2020-06-22,220128,25543,6102,33017,4118,858
North America,US,Florida,2020-06-23,220691,24522,5908,33101,4158,821
North America,US,Florida,2020-06-24,221215,23528,5718,33179,4197,786
North America,US,Florida,2020-06-25,221701,22559,5530,33252,4235,751
North America,US,Florida,2020-06-26,222148,21614,5346,33320,4271,718
North America,US,Florida,2020-06-27,222563,20694,5165,33382,4306,685
North America,US,Florida,2020-06-28,222947,19803,4987,33439,4340,654
North America,US,Florida,2020-06-29,223305,18941,4814,33493,4372,623
North America,US,Florida,2020-06-30,223636,18108,4645,33543,4403,594
North America,US,Florida,2020-07-01,223942,17303,4480,33589,4434,566
North America,US,Florida,2020-07-02,224224,16523,4318,33631,4462,538
North America,US,Florida,2020-07-03,224482,15769,4161,33670,4490,512
North America,US,Florida,2020-07-04,224721,15043,4008,33705,4517,487
North America,US,Florida,2020-07-05,224942,14344,3859,33739,4543,463
North America,US,Florida,2020-07-06,225146,13673,3714,33769,4567,439
North America,US,Florida,2020-07-07,225334,13027,3574,33797,4591,417
North America,US,Florida,2020-07-08,225506,12406,3437,33823,4614,396
North America,US,Florida,2020-07-09,225663,11809,3305,33847,4636,375
North America,US,Florida,2020-07-10,225807,11236,3177,33868,4657,356
North America,US,Florida,2020-07-11,225940,10688,3052,33888,4677,337
North America,US,Florida,2020-07-12,226062,10163,2932,33907,4696,319
North America,US,Florida,2020-07-13,226175,9661,2816,33924,4714,302
North America,US,Florida,2020-07-14,226278,9180,2704,33939,4732,286
North America,US,Florida,2020-07-15,226371,8720,2595,33953,4749,270
North America,US,Florida,2020-07-16,226456,8280,2490,33966,4765,255
North America,US,Florida,2020-07-17,226534,7860,2389,33977,4780,241
North America,US,Florida,2020-07-18,226606,7459,2292,33988,4795,228
North America,US,Florida,2020-07-19,226672,7078,2198,33998,4809,215
North America,US,Florida,2020-07-20,226732,6714,2107,34007,4823,203
North America,US,Florida,2020-07-21,226786,6367,2020,34015,4836,192
North America,US,Florida,2020-07-22,226835,6036,1936,34023,4848,181
North America,US,Florida,2020-07-23,226880,5721,1855,34029,4860,171
North America,US,Florida,2020-07-24,226921,5422,1777,34036,4871,161
North America,US,Florida,2020-07-25,226959,5137,1702,34041,4882,152
North America,US,Florida,2020-07-26,226993,4866,1630,34046,4892,143
North America,US,Florida,2020-07-27,227024,4609,1561,34051,4902,134
North America,US,Florida,2020-07-28,227052,4364,1494,34055,4911,127
North America,US,Florida,2020-07-29,227077,4132,1430,34059,4920,119
North America,US,Florida,2020-07-30,227101,3911,1369,34062,4929,112
North America,US,Florida,2020-07-31,227122,3702,1310,34066,4937,106
North America,US,Florida,2020-08-01,227141,3504,1254,34068,4944,99
North America,US,Florida,2020-08-02,227158,3315,1200,34071,4952,93
North America,US,Florida,2020-08-03,227174,3137,1148,34073,4959,88
North America,US,Florida,2020-08-04,227188,2967,1098,34075,4966,82
North America,US,Florida,2020-08-05,227201,2807,1050,34077,4972,78
North America,US,Florida,2020-08-06,227212,2655,1004,34079,4978,73
North America,US,Florida,2020-08-07,227223,2511,960,34081,4984,68
North America,US,Florida,2020-08-08,227232,2375,918,34082,4989,64
North America,US,Florida,2020-08-09,227241,2246,878,34083,4995,60
North America,US,Florida,2020-08-10,227248,2123,840,34085,5000,57
North America,US,Florida,2020-08-11,227255,2008,803,34086,5005,53
North America,US,Florida,2020-08-12,227262,1898,767,34087,5009,50
North America,US,Florida,2020-08-13,227267,1795,733,34087,5014,47
North America,US,Florida,2020-08-14,227272,1697,701,34088,5018,44
North America,US,Florida,2020-08-15,227277,1604,670,34089,5022,41
North America,US,Florida,2020-08-16,227281,1516,640,34089,5025,39
North America,US,Florida,2020-08-17,227285,1433,612,34090,5029,36
North America,US,Florida,2020-08-18,227288,1355,585,34091,5032,34
North America,US,Florida,2020-08-19,227291,1281,559,34091,5036,32
North America,US,Florida,2020-08-20,227294,1211,534,34091,5039,30
North America,US,Florida,2020-08-21,227296,1145,510,34092,5042,28
North America,US,Florida,2020-08-22,227299,1082,487,34092,5045,26
North America,US,Florida,2020-08-23,227301,1023,466,34092,5047,25
North America,US,Florida,2020-08-24,227302,967,445,34093,5050,23
North America,US,Florida,2020-08-25,227304,914,425,34093,5052,22
North America,US,Florida,2020-08-26,227305,865,406,34093,5055,20
North America,US,Florida,2020-08-27,227307,817,388,34093,5057,19
North America,US,Florida,2020-08-28,227308,773,370,34093,5059,18
North America,US,Florida,2020-08-29,227309,731,354,34094,5061,17
North America,US,Florida,2020-08-30,227310,691,338,34094,5063,16
North America,US,Florida,2020-08-31,227311,653,323,34094,5064,15
North America,US,Florida,2020-09-01,227311,618,308,34094,5066,14
North America,US,Georgia,2020-03-16,121,115,17,17,1,4
North America,US,Georgia,2020-03-17,170,155,24,25,1,6
North America,US,Georgia,2020-03-18,226,200,31,33,2,7
North America,US,Georgia,2020-03-19,294,253,39,43,2,9
North America,US,Georgia,2020-03-20,378,318,50,56,2,12
North America,US,Georgia,2020-03-21,479,396,62,71,3,15
North America,US,Georgia,2020-03-22,602,490,78,89,4,18
North America,US,Georgia,2020-03-23,750,603,96,112,5,22
North America,US,Georgia,2020-03-24,926,736,117,138,6,27
North America,US,Georgia,2020-03-25,1135,892,143,169,7,33
North America,US,Georgia,2020-03-26,1381,1074,172,206,9,40
North America,US,Georgia,2020-03-27,1668,1285,207,249,11,48
North America,US,Georgia,2020-03-28,2000,1525,246,299,14,56
North America,US,Georgia,2020-03-29,2381,1799,291,356,16,67
North America,US,Georgia,2020-03-30,2819,2109,342,422,20,78
North America,US,Georgia,2020-03-31,3316,2458,399,496,24,91
North America,US,Georgia,2020-04-01,3875,2845,463,580,29,105
North America,US,Georgia,2020-04-02,4500,3271,534,674,34,121
North America,US,Georgia,2020-04-03,5197,3741,612,779,40,138
North America,US,Georgia,2020-04-04,5971,4255,698,895,47,157
North America,US,Georgia,2020-04-05,6820,4811,791,1022,56,177
North America,US,Georgia,2020-04-06,7746,5405,891,1161,65,199
North America,US,Georgia,2020-04-07,8754,6041,998,1312,75,222
North America,US,Georgia,2020-04-08,9847,6720,1113,1476,86,247
North America,US,Georgia,2020-04-09,11022,7437,1235,1652,99,274
North America,US,Georgia,2020-04-10,12278,8185,1363,1841,113,301
North America,US,Georgia,2020-04-11,13612,8963,1497,2041,129,329
North America,US,Georgia,2020-04-12,15028,9771,1637,2253,146,359
North America,US,Georgia,2020-04-13,16526,10608,1782,2478,164,389
North America,US,Georgia,2020-04-14,18098,11465,1932,2714,184,421
North America,US,Georgia,2020-04-15,19738,12335,2085,2960,206,452
North America,US,Georgia,2020-04-16,21444,13211,2241,3216,230,484
North America,US,Georgia,2020-04-17,23213,14095,2399,3481,255,516
North America,US,Georgia,2020-04-18,25045,14985,2559,3756,281,548
North America,US,Georgia,2020-04-19,26931,15873,2719,4039,310,580
North America,US,Georgia,2020-04-20,28863,16748,2879,4328,340,612
North America,US,Georgia,2020-04-21,30832,17605,3038,4624,372,643
North America,US,Georgia,2020-04-22,32835,18440,3194,4924,406,673
North America,US,Georgia,2020-04-23,34870,19255,3347,5230,441,702
North America,US,Georgia,2020-04-24,36933,20047,3498,5539,478,730
North America,US,Georgia,2020-04-25,39012,20805,3645,5851,516,757
North America,US,Georgia,2020-04-26,41100,21524,3786,6164,556,783
North America,US,Georgia,2020-04-27,43189,22200,3920,6477,597,806
North America,US,Georgia,2020-04-28,45275,22830,4049,6790,640,829
North America,US,Georgia,2020-04-29,47356,23417,4170,7103,684,849
North America,US,Georgia,2020-04-30,49429,23959,4285,7413,729,868
North America,US,Georgia,2020-05-01,51483,24451,4392,7722,775,885
North America,US,Georgia,2020-05-02,53514,24889,4491,8026,823,900
North America,US,Georgia,2020-05-03,55515,25272,4581,8326,871,913
North America,US,Georgia,2020-05-04,57484,25599,4662,8622,920,924
North America,US,Georgia,2020-05-05,59417,25872,4735,8912,970,933
North America,US,Georgia,2020-05-06,61311,26091,4798,9196,1021,939
North America,US,Georgia,2020-05-07,63163,26256,4852,9474,1072,944
North America,US,Georgia,2020-05-08,64967,26365,4897,9744,1124,947
North America,US,Georgia,2020-05-09,66724,26421,4932,10008,1176,948
North America,US,Georgia,2020-05-10,68433,26429,4960,10264,1228,947
North America,US,Georgia,2020-05-11,70093,26390,4978,10513,1281,945
North America,US,Georgia,2020-05-12,71701,26304,4989,10754,1334,940
North America,US,Georgia,2020-05-13,73254,26171,4991,10987,1386,934
North America,US,Georgia,2020-05-14,74747,25988,4983,11211,1439,927
North America,US,Georgia,2020-05-15,76180,25759,4968,11426,1491,917
North America,US,Georgia,2020-05-16,77558,25490,4945,11633,1543,906
North America,US,Georgia,2020-05-17,78883,25189,4915,11831,1595,894
North America,US,Georgia,2020-05-18,80155,24856,4879,12022,1646,881
North America,US,Georgia,2020-05-19,81373,24493,4837,12205,1697,867
North America,US,Georgia,2020-05-20,82532,24095,4788,12379,1747,852
North America,US,Georgia,2020-05-21,83633,23667,4732,12544,1797,835
North America,US,Georgia,2020-05-22,84682,23214,4672,12701,1846,818
North America,US,Georgia,2020-05-23,85682,22744,4607,12851,1894,800
North America,US,Georgia,2020-05-24,86634,22257,4538,12994,1941,782
North America,US,Georgia,2020-05-25,87536,21753,4465,13130,1988,763
North America,US,Georgia,2020-05-26,88388,21232,4387,13257,2034,743
North America,US,Georgia,2020-05-27,89191,20696,4306,13378,2079,723
North America,US,Georgia,2020-05-28,89949,20151,4222,13491,2123,703
North America,US,Georgia,2020-05-29,90666,19600,4136,13599,2166,682
North America,US,Georgia,2020-05-30,91344,19047,4048,13701,2208,662
North America,US,Georgia,2020-05-31,91983,18491,3959,13797,2249,641
North America,US,Georgia,2020-06-01,92581,17930,3867,13886,2289,620
North America,US,Georgia,2020-06-02,93140,17366,3774,13970,2328,600
North America,US,Georgia,2020-06-03,93663,16803,3680,14049,2366,579
North America,US,Georgia,2020-06-04,94155,16245,3585,14122,2403,559
North America,US,Georgia,2020-06-05,94617,15693,3491,14192,2439,538
North America,US,Georgia,2020-06-06,95049,15148,3396,14257,2474,518
North America,US,Georgia,2020-06-07,95453,14609,3302,14317,2508,499
North America,US,Georgia,2020-06-08,95827,14074,3207,14373,2541,479
North America,US,Georgia,2020-06-09,96174,13547,3113,14425,2573,460
North America,US,Georgia,2020-06-10,96498,13031,3019,14474,2604,442
North America,US,Georgia,2020-06-11,96801,12526,2927,14519,2633,423
North America,US,Georgia,2020-06-12,97083,12033,2836,14562,2662,406
North America,US,Georgia,2020-06-13,97345,11551,2746,14601,2690,388
North America,US,Georgia,2020-06-14,97587,11080,2657,14637,2717,372
North America,US,Georgia,2020-06-15,97810,10619,2569,14671,2743,355
North America,US,Georgia,2020-06-16,98016,10172,2483,14702,2768,339
North America,US,Georgia,2020-06-17,98208,9738,2399,14730,2792,324
North America,US,Georgia,2020-06-18,98386,9317,2317,14757,2816,309
North America,US,Georgia,2020-06-19,98551,8910,2236,14782,2838,294
North America,US,Georgia,2020-06-20,98702,8515,2157,14804,2860,280
North America,US,Georgia,2020-06-21,98840,8132,2079,14825,2881,267
North America,US,Georgia,2020-06-22,98968,7762,2004,14844,2901,254
North America,US,Georgia,2020-06-23,99086,7406,1931,14862,2920,242
North America,US,Georgia,2020-06-24,99195,7063,1859,14878,2938,230
North America,US,Georgia,2020-06-25,99295,6734,1790,14893,2956,218
North America,US,Georgia,2020-06-26,99387,6416,1722,14907,2973,207
North America,US,Georgia,2020-06-27,99471,6110,1656,14920,2990,196
North America,US,Georgia,2020-06-28,99548,5816,1593,14931,3005,186
North America,US,Georgia,2020-06-29,99618,5534,1531,14942,3020,177
North America,US,Georgia,2020-06-30,99683,5264,1471,14952,3035,167
North America,US,Georgia,2020-07-01,99743,5005,1413,14960,3048,158
North America,US,Georgia,2020-07-02,99797,4758,1357,14969,3062,150
North America,US,Georgia,2020-07-03,99846,4520,1303,14976,3074,142
North America,US,Georgia,2020-07-04,99891,4293,1251,14983,3086,134
North America,US,Georgia,2020-07-05,99932,4076,1200,14989,3098,127
North America,US,Georgia,2020-07-06,99970,3869,1151,14995,3109,120
North America,US,Georgia,2020-07-07,100005,3672,1104,15000,3120,113
North America,US,Georgia,2020-07-08,100036,3484,1059,15004,3130,107
North America,US,Georgia,2020-07-09,100064,3304,1015,15009,3140,101
North America,US,Georgia,2020-07-10,100090,3133,973,15013,3149,95
North America,US,Georgia,2020-07-11,100114,2969,932,15016,3158,90
North America,US,Georgia,2020-07-12,100135,2814,893,15019,3166,85
North America,US,Georgia,2020-07-13,100155,2667,856,15022,3174,80
North America,US,Georgia,2020-07-14,100172,2526,820,15025,3182,75
North America,US,Georgia,2020-07-15,100188,2393,785,15027,3189,71
North America,US,Georgia,2020-07-16,100203,2266,751,15030,3196,67
North America,US,Georgia,2020-07-17,100216,2145,719,15031,3203,63
North America,US,Georgia,2020-07-18,100228,2031,689,15033,3210,59
North America,US,Georgia,2020-07-19,100239,1922,659,15035,3216,56
North America,US,Georgia,2020-07-20,100248,1819,631,15036,3222,52
North America,US,Georgia,2020-07-21,100257,1721,603,15038,3227,49
North America,US,Georgia,2020-07-22,100265,1628,577,15039,3232,46
North America,US,Georgia,2020-07-23,100272,1540,552,15040,3238,44
North America,US,Georgia,2020-07-24,100279,1457,528,15041,3242,41
North America,US,Georgia,2020-07-25,100285,1378,505,15042,3247,39
North America,US,Georgia,2020-07-26,100290,1303,483,15043,3251,36
North America,US,Georgia,2020-07-27,100295,1233,462,15043,3255,34
North America,US,Georgia,2020-07-28,100299,1165,442,15044,3259,32
North America,US,Georgia,2020-07-29,100303,1102,422,15045,3263,30
North America,US,Georgia,2020-07-30,100307,1042,404,15045,3267,28
North America,US,Georgia,2020-07-31,100310,985,386,15046,3270,26
North America,US,Georgia,2020-08-01,100313,931,369,15046,3274,25
North America,US,Georgia,2020-08-02,100315,880,352,15046,3277,23
North America,US,Georgia,2020-08-03,100318,832,337,15047,3280,22
North America,US,Georgia,2020-08-04,100320,787,322,15047,3283,21
North America,US,Georgia,2020-08-05,100321,744,308,15047,3285,19
North America,US,Georgia,2020-08-06,100323,703,294,15048,3288,18
North America,US,Georgia,2020-08-07,100325,664,281,15048,3290,17
North America,US,Georgia,2020-08-08,100326,628,268,15048,3293,16
North America,US,Georgia,2020-08-09,100327,594,256,15048,3295,15
North America,US,Georgia,2020-08-10,100328,561,245,15048,3297,14
North America,US,Georgia,2020-08-11,100329,531,234,15048,3299,13
North America,US,Georgia,2020-08-12,100330,501,224,15049,3301,12
North America,US,Georgia,2020-08-13,100331,474,214,15049,3303,11
North America,US,Georgia,2020-08-14,100331,448,204,15049,3304,11
North America,US,Georgia,2020-08-15,100332,424,195,15049,3306,10
North America,US,Georgia,2020-08-16,100333,401,186,15049,3308,9
North America,US,Georgia,2020-08-17,100333,379,178,15049,3309,9
North America,US,Georgia,2020-08-18,100334,358,170,15049,3311,8
North America,US,Georgia,2020-08-19,100334,339,162,15049,3312,8
North America,US,Georgia,2020-08-20,100334,320,155,15049,3313,7
North America,US,Georgia,2020-08-21,100335,303,148,15049,3314,7
North America,US,Georgia,2020-08-22,100335,286,141,15049,3316,6
North America,US,Georgia,2020-08-23,100335,271,135,15049,3317,6
North America,US,Georgia,2020-08-24,100335,256,129,15049,3318,6
North America,US,Georgia,2020-08-25,100336,242,123,15049,3319,5
North America,US,Georgia,2020-08-26,100336,229,117,15049,3320,5
North America,US,Georgia,2020-08-27,100336,217,112,15049,3321,5
North America,US,Georgia,2020-08-28,100336,205,107,15050,3322,4
North America,US,Georgia,2020-08-29,100336,194,102,15050,3322,4
North America,US,Georgia,2020-08-30,100336,184,98,15050,3323,4
North America,US,Georgia,2020-08-31,100336,174,93,15050,3324,4
North America,US,Georgia,2020-09-01,100336,165,89,15050,3325,3
North America,US,Hawaii,2020-03-27,106,106,16,16,0,4
North America,US,Hawaii,2020-03-28,110,102,16,17,1,4
North America,US,Hawaii,2020-03-29,114,99,15,17,2,4
North America,US,Hawaii,2020-03-30,118,96,15,18,2,4
North America,US,Hawaii,2020-03-31,123,94,15,18,3,3
North America,US,Hawaii,2020-04-01,128,93,15,19,3,3
North America,US,Hawaii,2020-04-02,134,93,15,20,3,3
North America,US,Hawaii,2020-04-03,140,93,16,21,3,3
North America,US,Hawaii,2020-04-04,148,94,16,22,3,3
North America,US,Hawaii,2020-04-05,156,96,16,23,4,4
North America,US,Hawaii,2020-04-06,165,98,17,25,4,4
North America,US,Hawaii,2020-04-07,175,102,18,26,4,4
North America,US,Hawaii,2020-04-08,186,106,18,28,4,4
North America,US,Hawaii,2020-04-09,198,110,19,30,4,4
North America,US,Hawaii,2020-04-10,210,115,20,32,5,4
North America,US,Hawaii,2020-04-11,224,121,21,34,5,4
North America,US,Hawaii,2020-04-12,239,128,23,36,5,5
North America,US,Hawaii,2020-04-13,255,135,24,38,6,5
North America,US,Hawaii,2020-04-14,271,142,25,41,6,5
North America,US,Hawaii,2020-04-15,289,150,26,43,6,5
North America,US,Hawaii,2020-04-16,307,158,28,46,7,6
North America,US,Hawaii,2020-04-17,327,166,29,49,7,6
North America,US,Hawaii,2020-04-18,347,175,31,52,7,6
North America,US,Hawaii,2020-04-19,367,183,33,55,8,7
North America,US,Hawaii,2020-04-20,388,192,34,58,8,7
North America,US,Hawaii,2020-04-21,410,201,36,62,8,7
North America,US,Hawaii,2020-04-22,433,209,37,65,9,8
North America,US,Hawaii,2020-04-23,455,218,39,68,9,8
North America,US,Hawaii,2020-04-24,478,226,40,72,10,8
North America,US,Hawaii,2020-04-25,501,234,42,75,10,8
North America,US,Hawaii,2020-04-26,525,241,43,79,11,9
North America,US,Hawaii,2020-04-27,548,248,45,82,11,9
North America,US,Hawaii,2020-04-28,571,255,46,86,11,9
North America,US,Hawaii,2020-04-29,595,261,47,89,12,9
North America,US,Hawaii,2020-04-30,618,267,49,93,12,10
North America,US,Hawaii,2020-05-01,641,272,50,96,13,10
North America,US,Hawaii,2020-05-02,663,276,51,100,13,10
North America,US,Hawaii,2020-05-03,686,280,52,103,13,10
North America,US,Hawaii,2020-05-04,708,283,53,106,14,10
North America,US,Hawaii,2020-05-05,729,286,53,109,14,10
North America,US,Hawaii,2020-05-06,750,288,54,112,15,10
North America,US,Hawaii,2020-05-07,770,289,54,116,15,10
North America,US,Hawaii,2020-05-08,790,290,55,119,15,10
North America,US,Hawaii,2020-05-09,810,290,55,121,16,10
North America,US,Hawaii,2020-05-10,828,290,55,124,16,10
North America,US,Hawaii,2020-05-11,846,289,55,127,16,10
North America,US,Hawaii,2020-05-12,864,287,55,130,16,10
North America,US,Hawaii,2020-05-13,880,285,55,132,17,10
North America,US,Hawaii,2020-05-14,896,282,55,134,17,10
North America,US,Hawaii,2020-05-15,912,279,55,137,17,10
North America,US,Hawaii,2020-05-16,927,276,55,139,18,10
North America,US,Hawaii,2020-05-17,941,272,54,141,18,10
North America,US,Hawaii,2020-05-18,954,268,54,143,18,9
North America,US,Hawaii,2020-05-19,967,263,53,145,18,9
North America,US,Hawaii,2020-05-20,979,258,52,147,18,9
North America,US,Hawaii,2020-05-21,990,253,52,149,19,9
North America,US,Hawaii,2020-05-22,1001,248,51,150,19,9
North America,US,Hawaii,2020-05-23,1011,242,50,152,19,8
North America,US,Hawaii,2020-05-24,1021,236,49,153,19,8
North America,US,Hawaii,2020-05-25,1030,230,48,155,19,8
North America,US,Hawaii,2020-05-26,1039,224,47,156,19,8
North America,US,Hawaii,2020-05-27,1047,218,46,157,19,8
North America,US,Hawaii,2020-05-28,1054,211,45,158,20,7
North America,US,Hawaii,2020-05-29,1062,205,44,159,20,7
North America,US,Hawaii,2020-05-30,1068,199,43,160,20,7
North America,US,Hawaii,2020-05-31,1074,192,42,161,20,7
North America,US,Hawaii,2020-06-01,1080,186,41,162,20,6
North America,US,Hawaii,2020-06-02,1086,179,40,163,20,6
North America,US,Hawaii,2020-06-03,1091,173,39,164,20,6
North America,US,Hawaii,2020-06-04,1095,167,38,164,20,6
North America,US,Hawaii,2020-06-05,1100,161,37,165,20,5
North America,US,Hawaii,2020-06-06,1104,155,36,166,20,5
North America,US,Hawaii,2020-06-07,1108,149,35,166,20,5
North America,US,Hawaii,2020-06-08,1111,143,34,167,20,5
North America,US,Hawaii,2020-06-09,1114,137,33,167,20,5
North America,US,Hawaii,2020-06-10,1117,131,32,168,20,4
North America,US,Hawaii,2020-06-11,1120,126,31,168,20,4
North America,US,Hawaii,2020-06-12,1123,121,30,168,20,4
North America,US,Hawaii,2020-06-13,1125,115,29,169,20,4
North America,US,Hawaii,2020-06-14,1127,110,28,169,21,4
North America,US,Hawaii,2020-06-15,1129,105,27,169,21,3
North America,US,Hawaii,2020-06-16,1131,101,26,170,21,3
North America,US,Hawaii,2020-06-17,1132,96,25,170,21,3
North America,US,Hawaii,2020-06-18,1134,92,24,170,21,3
North America,US,Hawaii,2020-06-19,1135,87,23,170,21,3
North America,US,Hawaii,2020-06-20,1137,83,22,170,21,3
North America,US,Hawaii,2020-06-21,1138,79,21,171,21,3
North America,US,Hawaii,2020-06-22,1139,75,20,171,21,2
North America,US,Hawaii,2020-06-23,1140,72,20,171,21,2
North America,US,Hawaii,2020-06-24,1141,68,19,171,21,2
North America,US,Hawaii,2020-06-25,1142,65,18,171,21,2
North America,US,Hawaii,2020-06-26,1142,62,17,171,21,2
North America,US,Hawaii,2020-06-27,1143,59,17,171,21,2
North America,US,Hawaii,2020-06-28,1144,56,16,172,21,2
North America,US,Hawaii,2020-06-29,1144,53,15,172,21,2
North America,US,Hawaii,2020-06-30,1145,50,15,172,21,2
North America,US,Hawaii,2020-07-01,1145,47,14,172,21,1
North America,US,Hawaii,2020-07-02,1146,45,14,172,21,1
North America,US,Hawaii,2020-07-03,1146,43,13,172,21,1
North America,US,Hawaii,2020-07-04,1146,40,13,172,21,1
North America,US,Hawaii,2020-07-05,1147,38,12,172,21,1
North America,US,Hawaii,2020-07-06,1147,36,12,172,21,1
North America,US,Hawaii,2020-07-07,1147,34,11,172,21,1
North America,US,Hawaii,2020-07-08,1147,32,11,172,21,1
North America,US,Hawaii,2020-07-09,1148,31,10,172,21,1
North America,US,Hawaii,2020-07-10,1148,29,10,172,21,1
North America,US,Hawaii,2020-07-11,1148,28,9,172,21,1
North America,US,Hawaii,2020-07-12,1148,26,9,172,21,1
North America,US,Hawaii,2020-07-13,1148,25,9,172,21,1
North America,US,Hawaii,2020-07-14,1148,23,8,172,21,1
North America,US,Hawaii,2020-07-15,1149,22,8,172,21,1
North America,US,Hawaii,2020-07-16,1149,21,7,172,21,1
North America,US,Hawaii,2020-07-17,1149,20,7,172,21,1
North America,US,Hawaii,2020-07-18,1149,19,7,172,21,1
North America,US,Hawaii,2020-07-19,1149,18,7,172,21,0
North America,US,Hawaii,2020-07-20,1149,17,6,172,21,0
North America,US,Hawaii,2020-07-21,1149,16,6,172,21,0
North America,US,Hawaii,2020-07-22,1149,15,6,172,21,0
North America,US,Hawaii,2020-07-23,1149,14,5,172,21,0
North America,US,Hawaii,2020-07-24,1149,13,5,172,21,0
North America,US,Hawaii,2020-07-25,1149,12,5,172,21,0
North America,US,Hawaii,2020-07-26,1149,12,5,172,21,0
North America,US,Hawaii,2020-07-27,1149,11,5,172,21,0
North America,US,Hawaii,2020-07-28,1149,10,4,172,21,0
North America,US,Hawaii,2020-07-29,1149,10,4,172,21,0
North America,US,Hawaii,2020-07-30,1149,9,4,172,21,0
North America,US,Hawaii,2020-07-31,1149,9,4,172,21,0
North America,US,Hawaii,2020-08-01,1149,8,4,172,21,0
North America,US,Hawaii,2020-08-02,1149,8,3,172,21,0
North America,US,Hawaii,2020-08-03,1149,7,3,172,21,0
North America,US,Hawaii,2020-08-04,1149,7,3,172,21,0
North America,US,Hawaii,2020-08-05,1149,7,3,172,21,0
North America,US,Hawaii,2020-08-06,1149,6,3,172,21,0
North America,US,Hawaii,2020-08-07,1149,6,3,172,21,0
North America,US,Hawaii,2020-08-08,1149,6,3,172,21,0
North America,US,Hawaii,2020-08-09,1149,5,3,172,21,0
North America,US,Hawaii,2020-08-10,1149,5,2,172,21,0
North America,US,Hawaii,2020-08-11,1149,5,2,172,21,0
North America,US,Hawaii,2020-08-12,1149,4,2,172,21,0
North America,US,Hawaii,2020-08-13,1149,4,2,172,21,0
North America,US,Hawaii,2020-08-14,1149,4,2,172,21,0
North America,US,Hawaii,2020-08-15,1149,4,2,172,21,0
North America,US,Hawaii,2020-08-16,1149,4,2,172,21,0
North America,US,Hawaii,2020-08-17,1149,3,2,172,21,0
North America,US,Hawaii,2020-08-18,1149,3,2,172,21,0
North America,US,Hawaii,2020-08-19,1149,3,2,172,21,0
North America,US,Hawaii,2020-08-20,1149,3,2,172,21,0
North America,US,Hawaii,2020-08-21,1149,3,1,172,21,0
North America,US,Hawaii,2020-08-22,1149,3,1,172,21,0
North America,US,Hawaii,2020-08-23,1149,2,1,172,21,0
North America,US,Hawaii,2020-08-24,1149,2,1,172,21,0
North America,US,Hawaii,2020-08-25,1149,2,1,172,21,0
North America,US,Hawaii,2020-08-26,1149,2,1,172,21,0
North America,US,Hawaii,2020-08-27,1149,2,1,172,21,0
North America,US,Hawaii,2020-08-28,1149,2,1,172,21,0
North America,US,Hawaii,2020-08-29,1149,2,1,172,21,0
North America,US,Hawaii,2020-08-30,1149,2,1,172,21,0
North America,US,Hawaii,2020-08-31,1149,2,1,172,21,0
North America,US,Hawaii,2020-09-01,1149,1,1,172,21,0
North America,US,Idaho,2020-03-26,146,128,19,19,3,5
North America,US,Idaho,2020-03-27,209,180,28,29,3,7
North America,US,Idaho,2020-03-28,266,224,35,37,3,8
North America,US,Idaho,2020-03-29,323,265,41,46,4,10
North America,US,Idaho,2020-03-30,384,308,48,55,4,11
North America,US,Idaho,2020-03-31,450,352,56,65,4,13
North America,US,Idaho,2020-04-01,524,401,64,76,4,15
North America,US,Idaho,2020-04-02,604,454,73,88,5,17
North America,US,Idaho,2020-04-03,693,512,83,101,5,19
North America,US,Idaho,2020-04-04,791,574,94,116,6,21
North America,US,Idaho,2020-04-05,897,640,105,132,6,24
North America,US,Idaho,2020-04-06,1012,711,117,149,7,26
North America,US,Idaho,2020-04-07,1137,787,130,168,7,29
North America,US,Idaho,2020-04-08,1270,866,144,188,8,32
North America,US,Idaho,2020-04-09,1412,949,158,209,9,35
North America,US,Idaho,2020-04-10,1562,1035,173,232,10,38
North America,US,Idaho,2020-04-11,1721,1123,188,255,11,41
North America,US,Idaho,2020-04-12,1887,1214,204,280,11,45
North America,US,Idaho,2020-04-13,2062,1306,221,307,13,48
North America,US,Idaho,2020-04-14,2243,1399,237,334,14,51
North America,US,Idaho,2020-04-15,2429,1491,254,362,15,55
North America,US,Idaho,2020-04-16,2622,1584,270,391,16,58
North America,US,Idaho,2020-04-17,2820,1675,287,420,17,61
North America,US,Idaho,2020-04-18,3022,1766,304,451,19,64
North America,US,Idaho,2020-04-19,3228,1854,320,481,20,68
North America,US,Idaho,2020-04-20,3436,1938,336,513,22,71
North America,US,Idaho,2020-04-21,3646,2020,352,544,24,74
North America,US,Idaho,2020-04-22,3857,2097,367,576,25,76
North America,US,Idaho,2020-04-23,4069,2170,381,608,27,79
North America,US,Idaho,2020-04-24,4281,2239,395,640,29,81
North America,US,Idaho,2020-04-25,4492,2303,408,671,31,84
North America,US,Idaho,2020-04-26,4702,2361,421,703,32,86
North America,US,Idaho,2020-04-27,4909,2413,432,734,34,87
North America,US,Idaho,2020-04-28,5113,2459,442,764,36,89
North America,US,Idaho,2020-04-29,5314,2499,452,794,38,90
North America,US,Idaho,2020-04-30,5512,2533,460,824,40,91
North America,US,Idaho,2020-05-01,5705,2561,468,853,42,92
North America,US,Idaho,2020-05-02,5893,2582,474,881,44,93
North America,US,Idaho,2020-05-03,6077,2598,480,909,46,93
North America,US,Idaho,2020-05-04,6256,2609,484,936,49,94
North America,US,Idaho,2020-05-05,6429,2613,488,962,51,94
North America,US,Idaho,2020-05-06,6596,2611,490,987,53,94
North America,US,Idaho,2020-05-07,6757,2603,492,1011,55,93
North America,US,Idaho,2020-05-08,6911,2589,492,1034,57,93
North America,US,Idaho,2020-05-09,7060,2571,492,1056,59,92
North America,US,Idaho,2020-05-10,7203,2549,490,1078,61,91
North America,US,Idaho,2020-05-11,7341,2522,488,1098,63,90
North America,US,Idaho,2020-05-12,7471,2491,485,1118,65,88
North America,US,Idaho,2020-05-13,7595,2455,482,1137,67,87
North America,US,Idaho,2020-05-14,7713,2416,477,1154,69,86
North America,US,Idaho,2020-05-15,7825,2374,472,1171,71,84
North America,US,Idaho,2020-05-16,7932,2329,466,1187,73,82
North America,US,Idaho,2020-05-17,8033,2282,460,1202,74,80
North America,US,Idaho,2020-05-18,8129,2232,453,1217,76,78
North America,US,Idaho,2020-05-19,8218,2180,446,1230,78,76
North America,US,Idaho,2020-05-20,8303,2126,438,1243,80,74
North America,US,Idaho,2020-05-21,8383,2071,430,1255,81,72
North America,US,Idaho,2020-05-22,8458,2015,422,1266,83,70
North America,US,Idaho,2020-05-23,8528,1958,413,1277,85,68
North America,US,Idaho,2020-05-24,8594,1900,404,1286,86,66
North America,US,Idaho,2020-05-25,8656,1841,395,1296,88,64
North America,US,Idaho,2020-05-26,8713,1782,385,1304,89,62
North America,US,Idaho,2020-05-27,8767,1724,376,1312,91,59
North America,US,Idaho,2020-05-28,8817,1665,366,1320,92,57
North America,US,Idaho,2020-05-29,8864,1608,356,1327,93,55
North America,US,Idaho,2020-05-30,8907,1550,347,1333,95,53
North America,US,Idaho,2020-05-31,8947,1493,337,1339,96,51
North America,US,Idaho,2020-06-01,8984,1437,327,1345,97,49
North America,US,Idaho,2020-06-02,9018,1381,317,1350,98,47
North America,US,Idaho,2020-06-03,9051,1327,308,1355,99,45
North America,US,Idaho,2020-06-04,9080,1274,298,1359,100,43
North America,US,Idaho,2020-06-05,9108,1222,289,1363,101,41
North America,US,Idaho,2020-06-06,9133,1171,279,1367,102,39
North America,US,Idaho,2020-06-07,9156,1121,270,1371,103,38
North America,US,Idaho,2020-06-08,9177,1073,261,1374,104,36
North America,US,Idaho,2020-06-09,9197,1026,252,1377,105,34
North America,US,Idaho,2020-06-10,9215,981,243,1380,106,33
North America,US,Idaho,2020-06-11,9232,937,235,1382,107,31
North America,US,Idaho,2020-06-12,9247,894,226,1384,108,29
North America,US,Idaho,2020-06-13,9261,853,218,1386,108,28
North America,US,Idaho,2020-06-14,9273,813,210,1388,109,27
North America,US,Idaho,2020-06-15,9285,775,202,1390,110,25
North America,US,Idaho,2020-06-16,9296,738,195,1392,111,24
North America,US,Idaho,2020-06-17,9305,702,187,1393,111,23
North America,US,Idaho,2020-06-18,9314,668,180,1394,112,22
North America,US,Idaho,2020-06-19,9322,635,173,1396,112,20
North America,US,Idaho,2020-06-20,9330,604,167,1397,113,19
North America,US,Idaho,2020-06-21,9336,574,160,1398,113,18
North America,US,Idaho,2020-06-22,9343,545,154,1399,114,17
North America,US,Idaho,2020-06-23,9348,517,148,1400,115,16
North America,US,Idaho,2020-06-24,9353,491,142,1400,115,15
North America,US,Idaho,2020-06-25,9358,466,136,1401,115,15
North America,US,Idaho,2020-06-26,9362,442,130,1402,116,14
North America,US,Idaho,2020-06-27,9366,419,125,1402,116,13
North America,US,Idaho,2020-06-28,9369,397,120,1403,117,12
North America,US,Idaho,2020-06-29,9372,376,115,1403,117,12
North America,US,Idaho,2020-06-30,9375,356,110,1404,117,11
North America,US,Idaho,2020-07-01,9378,337,106,1404,118,10
North America,US,Idaho,2020-07-02,9380,319,101,1404,118,10
North America,US,Idaho,2020-07-03,9382,302,97,1405,118,9
North America,US,Idaho,2020-07-04,9384,286,93,1405,119,9
North America,US,Idaho,2020-07-05,9385,270,89,1405,119,8
North America,US,Idaho,2020-07-06,9387,256,85,1405,119,8
North America,US,Idaho,2020-07-07,9388,242,81,1406,119,7
North America,US,Idaho,2020-07-08,9390,229,78,1406,120,7
North America,US,Idaho,2020-07-09,9391,216,74,1406,120,6
North America,US,Idaho,2020-07-10,9392,204,71,1406,120,6
North America,US,Idaho,2020-07-11,9393,193,68,1406,120,6
North America,US,Idaho,2020-07-12,9393,183,65,1406,121,5
North America,US,Idaho,2020-07-13,9394,173,62,1406,121,5
North America,US,Idaho,2020-07-14,9395,163,60,1407,121,5
North America,US,Idaho,2020-07-15,9395,154,57,1407,121,4
North America,US,Idaho,2020-07-16,9396,146,55,1407,121,4
North America,US,Idaho,2020-07-17,9396,137,52,1407,121,4
North America,US,Idaho,2020-07-18,9397,130,50,1407,122,4
North America,US,Idaho,2020-07-19,9397,123,48,1407,122,3
North America,US,Idaho,2020-07-20,9397,116,46,1407,122,3
North America,US,Idaho,2020-07-21,9398,109,44,1407,122,3
North America,US,Idaho,2020-07-22,9398,103,42,1407,122,3
North America,US,Idaho,2020-07-23,9398,98,40,1407,122,3
North America,US,Idaho,2020-07-24,9398,92,38,1407,122,2
North America,US,Idaho,2020-07-25,9399,87,36,1407,122,2
North America,US,Idaho,2020-07-26,9399,82,35,1407,123,2
North America,US,Idaho,2020-07-27,9399,78,33,1407,123,2
North America,US,Idaho,2020-07-28,9399,73,32,1407,123,2
North America,US,Idaho,2020-07-29,9399,69,30,1407,123,2
North America,US,Idaho,2020-07-30,9399,65,29,1407,123,2
North America,US,Idaho,2020-07-31,9399,62,28,1407,123,2
North America,US,Idaho,2020-08-01,9399,58,26,1407,123,1
North America,US,Idaho,2020-08-02,9400,55,25,1407,123,1
North America,US,Idaho,2020-08-03,9400,52,24,1407,123,1
North America,US,Idaho,2020-08-04,9400,49,23,1407,123,1
North America,US,Idaho,2020-08-05,9400,46,22,1407,123,1
North America,US,Idaho,2020-08-06,9400,44,21,1407,123,1
North America,US,Idaho,2020-08-07,9400,41,20,1407,123,1
North America,US,Idaho,2020-08-08,9400,39,19,1407,124,1
North America,US,Idaho,2020-08-09,9400,37,18,1407,124,1
North America,US,Idaho,2020-08-10,9400,35,17,1407,124,1
North America,US,Idaho,2020-08-11,9400,33,17,1407,124,1
North America,US,Idaho,2020-08-12,9400,31,16,1407,124,1
North America,US,Idaho,2020-08-13,9400,30,15,1407,124,1
North America,US,Idaho,2020-08-14,9400,28,15,1407,124,1
North America,US,Idaho,2020-08-15,9400,26,14,1407,124,1
North America,US,Idaho,2020-08-16,9400,25,13,1407,124,1
North America,US,Idaho,2020-08-17,9400,24,13,1407,124,0
North America,US,Idaho,2020-08-18,9400,22,12,1407,124,0
North America,US,Idaho,2020-08-19,9400,21,12,1407,124,0
North America,US,Idaho,2020-08-20,9400,20,11,1407,124,0
North America,US,Idaho,2020-08-21,9400,19,11,1407,124,0
North America,US,Idaho,2020-08-22,9400,18,10,1407,124,0
North America,US,Idaho,2020-08-23,9400,17,10,1407,124,0
North America,US,Idaho,2020-08-24,9400,16,9,1407,124,0
North America,US,Idaho,2020-08-25,9400,15,9,1407,124,0
North America,US,Idaho,2020-08-26,9400,14,8,1407,124,0
North America,US,Idaho,2020-08-27,9400,14,8,1407,124,0
North America,US,Idaho,2020-08-28,9400,13,8,1407,124,0
North America,US,Idaho,2020-08-29,9400,12,7,1407,124,0
North America,US,Idaho,2020-08-30,9400,11,7,1407,124,0
North America,US,Idaho,2020-08-31,9400,11,7,1407,124,0
North America,US,Idaho,2020-09-01,9400,10,6,1407,124,0
North America,US,Illinois,2020-03-17,161,155,23,23,1,6
North America,US,Illinois,2020-03-18,185,168,26,27,2,6
North America,US,Illinois,2020-03-19,222,194,30,32,3,7
North America,US,Illinois,2020-03-20,274,232,36,40,3,9
North America,US,Illinois,2020-03-21,341,282,44,50,5,10
North America,US,Illinois,2020-03-22,424,345,55,63,6,13
North America,US,Illinois,2020-03-23,529,424,67,78,8,16
North America,US,Illinois,2020-03-24,657,522,83,98,10,19
North America,US,Illinois,2020-03-25,813,640,102,121,12,24
North America,US,Illinois,2020-03-26,1002,783,125,149,15,29
North America,US,Illinois,2020-03-27,1229,953,153,184,19,35
North America,US,Illinois,2020-03-28,1499,1154,185,224,24,43
North America,US,Illinois,2020-03-29,1817,1389,223,272,29,51
North America,US,Illinois,2020-03-30,2192,1665,268,328,36,62
North America,US,Illinois,2020-03-31,2628,1982,319,393,44,73
North America,US,Illinois,2020-04-01,3130,2343,378,469,53,87
North America,US,Illinois,2020-04-02,3707,2753,445,555,63,102
North America,US,Illinois,2020-04-03,4366,3218,522,654,76,119
North America,US,Illinois,2020-04-04,5113,3739,607,766,90,138
North America,US,Illinois,2020-04-05,5952,4314,702,892,107,159
North America,US,Illinois,2020-04-06,6887,4947,807,1032,126,183
North America,US,Illinois,2020-04-07,7930,5644,922,1189,147,208
North America,US,Illinois,2020-04-08,9083,6404,1049,1361,172,236
North America,US,Illinois,2020-04-09,10346,7223,1186,1551,199,266
North America,US,Illinois,2020-04-10,11721,8099,1333,1757,230,298
North America,US,Illinois,2020-04-11,13216,9034,1490,1982,264,333
North America,US,Illinois,2020-04-12,14835,10032,1659,2224,301,369
North America,US,Illinois,2020-04-13,16574,11082,1838,2485,343,408
North America,US,Illinois,2020-04-14,18429,12178,2025,2763,388,448
North America,US,Illinois,2020-04-15,20399,13316,2220,3059,438,490
North America,US,Illinois,2020-04-16,22488,14498,2424,3372,491,533
North America,US,Illinois,2020-04-17,24697,15722,2637,3704,549,577
North America,US,Illinois,2020-04-18,27013,16973,2855,4051,612,623
North America,US,Illinois,2020-04-19,29429,18242,3078,4414,678,669
North America,US,Illinois,2020-04-20,31941,19521,3304,4790,750,715
North America,US,Illinois,2020-04-21,34547,20812,3534,5181,825,762
North America,US,Illinois,2020-04-22,37246,22113,3767,5586,905,809
North America,US,Illinois,2020-04-23,40024,23409,4001,6003,989,856
North America,US,Illinois,2020-04-24,42868,24687,4234,6429,1078,902
North America,US,Illinois,2020-04-25,45769,25939,4465,6864,1171,947
North America,US,Illinois,2020-04-26,48722,27161,4692,7307,1268,991
North America,US,Illinois,2020-04-27,51724,28356,4917,7758,1368,1034
North America,US,Illinois,2020-04-28,54769,29517,5137,8214,1472,1076
North America,US,Illinois,2020-04-29,57839,30631,5351,8675,1580,1115
North America,US,Illinois,2020-04-30,60923,31687,5557,9137,1691,1153
North America,US,Illinois,2020-05-01,64011,32681,5755,9601,1805,1188
North America,US,Illinois,2020-05-02,67098,33611,5943,10064,1922,1221
North America,US,Illinois,2020-05-03,70181,34480,6122,10526,2042,1251
North America,US,Illinois,2020-05-04,73254,35285,6291,10987,2163,1279
North America,US,Illinois,2020-05-05,76303,36017,6449,11445,2287,1304
North America,US,Illinois,2020-05-06,79319,36672,6596,11897,2412,1327
North America,US,Illinois,2020-05-07,82294,37247,6729,12343,2539,1346
North America,US,Illinois,2020-05-08,85224,37741,6850,12783,2667,1363
North America,US,Illinois,2020-05-09,88103,38155,6957,13214,2797,1376
North America,US,Illinois,2020-05-10,90929,38494,7053,13638,2926,1387
North America,US,Illinois,2020-05-11,93695,38753,7135,14053,3056,1395
North America,US,Illinois,2020-05-12,96392,38930,7203,14458,3186,1400
North America,US,Illinois,2020-05-13,99023,39031,7258,14853,3316,1402
North America,US,Illinois,2020-05-14,101585,39062,7301,15237,3446,1401
North America,US,Illinois,2020-05-15,104078,39024,7332,15611,3575,1398
North America,US,Illinois,2020-05-16,106496,38919,7350,15974,3702,1393
North America,US,Illinois,2020-05-17,108837,38747,7357,16325,3829,1385
North America,US,Illinois,2020-05-18,111093,38504,7351,16663,3955,1374
North America,US,Illinois,2020-05-19,113258,38188,7331,16988,4079,1361
North America,US,Illinois,2020-05-20,115339,37810,7301,17300,4202,1346
North America,US,Illinois,2020-05-21,117341,37381,7260,17600,4322,1329
North America,US,Illinois,2020-05-22,119267,36906,7210,17889,4441,1310
North America,US,Illinois,2020-05-23,121114,36387,7151,18166,4557,1290
North America,US,Illinois,2020-05-24,122880,35821,7082,18431,4672,1268
North America,US,Illinois,2020-05-25,124559,35208,7004,18683,4784,1244
North America,US,Illinois,2020-05-26,126160,34558,6918,18923,4893,1219
North America,US,Illinois,2020-05-27,127687,33877,6826,19152,5000,1193
North America,US,Illinois,2020-05-28,129141,33171,6727,19370,5104,1167
North America,US,Illinois,2020-05-29,130523,32440,6622,19578,5206,1139
North America,US,Illinois,2020-05-30,131831,31683,6511,19774,5305,1111
North America,US,Illinois,2020-05-31,133066,30903,6394,19959,5401,1081
North America,US,Illinois,2020-06-01,134234,30108,6273,20134,5495,1052
North America,US,Illinois,2020-06-02,135341,29304,6148,20300,5585,1022
North America,US,Illinois,2020-06-03,136388,28494,6021,20457,5673,991
North America,US,Illinois,2020-06-04,137376,27679,5891,20606,5758,961
North America,US,Illinois,2020-06-05,138305,26857,5758,20745,5840,931
North America,US,Illinois,2020-06-06,139172,26028,5622,20875,5920,900
North America,US,Illinois,2020-06-07,139986,25198,5484,20997,5996,870
North America,US,Illinois,2020-06-08,140751,24375,5346,21112,6070,839
North America,US,Illinois,2020-06-09,141472,23560,5207,21220,6142,810
North America,US,Illinois,2020-06-10,142149,22755,5069,21321,6210,780
North America,US,Illinois,2020-06-11,142783,21960,4931,21417,6276,751
North America,US,Illinois,2020-06-12,143371,21169,4792,21505,6340,723
North America,US,Illinois,2020-06-13,143916,20387,4653,21587,6400,694
North America,US,Illinois,2020-06-14,144426,19619,4515,21663,6459,666
North America,US,Illinois,2020-06-15,144902,18868,4379,21734,6515,639
North America,US,Illinois,2020-06-16,145348,18134,4245,21801,6569,613
North America,US,Illinois,2020-06-17,145763,17417,4112,21864,6620,587
North America,US,Illinois,2020-06-18,146147,16715,3981,21921,6669,562
North America,US,Illinois,2020-06-19,146501,16028,3851,21974,6716,537
North America,US,Illinois,2020-06-20,146830,15359,3724,22024,6761,513
North America,US,Illinois,2020-06-21,147136,14709,3599,22069,6804,490
North America,US,Illinois,2020-06-22,147419,14080,3476,22112,6845,468
North America,US,Illinois,2020-06-23,147682,13469,3356,22151,6884,446
North America,US,Illinois,2020-06-24,147925,12877,3239,22188,6922,425
North America,US,Illinois,2020-06-25,148147,12303,3124,22221,6957,405
North America,US,Illinois,2020-06-26,148353,11748,3012,22252,6991,385
North America,US,Illinois,2020-06-27,148543,11212,2902,22281,7023,367
North America,US,Illinois,2020-06-28,148719,10697,2796,22307,7054,349
North America,US,Illinois,2020-06-29,148881,10200,2692,22331,7083,331
North America,US,Illinois,2020-06-30,149030,9721,2591,22354,7111,315
North America,US,Illinois,2020-07-01,149166,9260,2493,22374,7137,299
North America,US,Illinois,2020-07-02,149291,8816,2398,22393,7162,283
North America,US,Illinois,2020-07-03,149406,8391,2306,22410,7186,268
North America,US,Illinois,2020-07-04,149512,7983,2216,22426,7209,254
North America,US,Illinois,2020-07-05,149609,7592,2130,22440,7230,241
North America,US,Illinois,2020-07-06,149698,7217,2046,22454,7250,228
North America,US,Illinois,2020-07-07,149779,6858,1965,22466,7270,216
North America,US,Illinois,2020-07-08,149853,6514,1886,22477,7288,204
North America,US,Illinois,2020-07-09,149921,6186,1810,22487,7305,193
North America,US,Illinois,2020-07-10,149983,5872,1737,22497,7321,182
North America,US,Illinois,2020-07-11,150040,5573,1666,22505,7337,172
North America,US,Illinois,2020-07-12,150092,5287,1598,22513,7351,163
North America,US,Illinois,2020-07-13,150140,5015,1532,22520,7365,154
North America,US,Illinois,2020-07-14,150182,4754,1469,22526,7378,145
North America,US,Illinois,2020-07-15,150221,4506,1408,22532,7391,137
North America,US,Illinois,2020-07-16,150257,4270,1349,22538,7403,129
North America,US,Illinois,2020-07-17,150290,4046,1292,22543,7414,121
North America,US,Illinois,2020-07-18,150319,3833,1238,22547,7424,114
North America,US,Illinois,2020-07-19,150346,3630,1186,22551,7434,108
North America,US,Illinois,2020-07-20,150371,3437,1135,22555,7443,102
North America,US,Illinois,2020-07-21,150393,3253,1087,22558,7452,96
North America,US,Illinois,2020-07-22,150413,3079,1041,22561,7460,90
North America,US,Illinois,2020-07-23,150431,2913,996,22564,7468,85
North America,US,Illinois,2020-07-24,150448,2756,953,22566,7476,80
North America,US,Illinois,2020-07-25,150463,2608,912,22569,7483,75
North America,US,Illinois,2020-07-26,150476,2466,873,22571,7489,70
North America,US,Illinois,2020-07-27,150489,2332,835,22572,7496,66
North America,US,Illinois,2020-07-28,150500,2206,798,22574,7501,62
North America,US,Illinois,2020-07-29,150510,2085,764,22576,7507,58
North America,US,Illinois,2020-07-30,150519,1971,730,22577,7512,55
North America,US,Illinois,2020-07-31,150527,1864,698,22578,7517,51
North America,US,Illinois,2020-08-01,150535,1761,668,22579,7522,48
North America,US,Illinois,2020-08-02,150541,1665,638,22580,7526,45
North America,US,Illinois,2020-08-03,150547,1573,610,22581,7530,42
North America,US,Illinois,2020-08-04,150553,1487,583,22582,7534,40
North America,US,Illinois,2020-08-05,150558,1405,558,22583,7538,37
North America,US,Illinois,2020-08-06,150562,1327,533,22583,7541,35
North America,US,Illinois,2020-08-07,150566,1254,509,22584,7544,33
North America,US,Illinois,2020-08-08,150570,1185,487,22585,7547,31
North America,US,Illinois,2020-08-09,150573,1119,465,22585,7550,29
North America,US,Illinois,2020-08-10,150576,1058,444,22585,7553,27
North America,US,Illinois,2020-08-11,150578,999,425,22586,7555,25
North America,US,Illinois,2020-08-12,150581,944,406,22586,7558,24
North America,US,Illinois,2020-08-13,150583,892,388,22587,7560,22
North America,US,Illinois,2020-08-14,150585,842,370,22587,7562,21
North America,US,Illinois,2020-08-15,150586,796,354,22587,7564,19
North America,US,Illinois,2020-08-16,150588,752,338,22587,7566,18
North America,US,Illinois,2020-08-17,150589,710,323,22588,7568,17
North America,US,Illinois,2020-08-18,150591,671,308,22588,7570,16
North America,US,Illinois,2020-08-19,150592,634,295,22588,7571,15
North America,US,Illinois,2020-08-20,150593,599,281,22588,7573,14
North America,US,Illinois,2020-08-21,150594,566,269,22588,7574,13
North America,US,Illinois,2020-08-22,150594,535,257,22588,7575,12
North America,US,Illinois,2020-08-23,150595,505,245,22588,7576,11
North America,US,Illinois,2020-08-24,150596,477,234,22588,7578,11
North America,US,Illinois,2020-08-25,150596,451,224,22589,7579,10
North America,US,Illinois,2020-08-26,150597,426,214,22589,7580,9
North America,US,Illinois,2020-08-27,150597,403,204,22589,7581,9
North America,US,Illinois,2020-08-28,150598,381,195,22589,7582,8
North America,US,Illinois,2020-08-29,150598,360,186,22589,7582,8
North America,US,Illinois,2020-08-30,150598,340,178,22589,7583,7
North America,US,Illinois,2020-08-31,150599,322,170,22589,7584,7
North America,US,Illinois,2020-09-01,150599,304,162,22589,7585,6
North America,US,Indiana,2020-03-21,128,104,16,16,4,4
North America,US,Indiana,2020-03-22,256,222,34,35,5,8
North America,US,Indiana,2020-03-23,380,328,50,53,6,12
North America,US,Indiana,2020-03-24,512,434,67,73,7,16
North America,US,Indiana,2020-03-25,660,550,86,95,9,20
North America,US,Indiana,2020-03-26,828,678,107,121,11,25
North America,US,Indiana,2020-03-27,1020,821,130,149,14,31
North America,US,Indiana,2020-03-28,1241,983,156,182,17,36
North America,US,Indiana,2020-03-29,1492,1164,186,220,22,43
North America,US,Indiana,2020-03-30,1776,1366,219,263,26,51
North America,US,Indiana,2020-03-31,2096,1589,256,311,32,59
North America,US,Indiana,2020-04-01,2454,1835,296,365,38,68
North America,US,Indiana,2020-04-02,2853,2106,341,424,46,78
North America,US,Indiana,2020-04-03,3294,2399,390,490,54,89
North America,US,Indiana,2020-04-04,3776,2715,443,563,64,100
North America,US,Indiana,2020-04-05,4304,3054,500,642,75,113
North America,US,Indiana,2020-04-06,4878,3417,561,728,87,126
North America,US,Indiana,2020-04-07,5497,3801,626,821,101,140
North America,US,Indiana,2020-04-08,6160,4203,694,920,116,155
North America,US,Indiana,2020-04-09,6866,4621,766,1026,133,170
North America,US,Indiana,2020-04-10,7617,5056,841,1139,151,186
North America,US,Indiana,2020-04-11,8413,5507,919,1258,171,202
North America,US,Indiana,2020-04-12,9247,5968,999,1384,193,219
North America,US,Indiana,2020-04-13,10118,6435,1080,1514,216,236
North America,US,Indiana,2020-04-14,11024,6905,1163,1650,241,253
North America,US,Indiana,2020-04-15,11963,7378,1248,1791,268,270
North America,US,Indiana,2020-04-16,12934,7853,1333,1936,297,288
North America,US,Indiana,2020-04-17,13931,8323,1417,2086,327,305
North America,US,Indiana,2020-04-18,14948,8784,1501,2239,360,321
North America,US,Indiana,2020-04-19,15984,9233,1584,2394,394,337
North America,US,Indiana,2020-04-20,17035,9668,1665,2552,430,353
North America,US,Indiana,2020-04-21,18100,10090,1745,2711,467,368
North America,US,Indiana,2020-04-22,19174,10494,1822,2873,506,383
North America,US,Indiana,2020-04-23,20251,10876,1896,3034,546,396
North America,US,Indiana,2020-04-24,21328,11234,1967,3196,588,409
North America,US,Indiana,2020-04-25,22402,11566,2034,3357,631,421
North America,US,Indiana,2020-04-26,23469,11871,2097,3517,675,431
North America,US,Indiana,2020-04-27,24528,12149,2156,3676,721,441
North America,US,Indiana,2020-04-28,25575,12398,2210,3833,767,449
North America,US,Indiana,2020-04-29,26606,12617,2259,3987,814,457
North America,US,Indiana,2020-04-30,27621,12805,2304,4139,862,463
North America,US,Indiana,2020-05-01,28616,12964,2344,4289,911,469
North America,US,Indiana,2020-05-02,29590,13092,2379,4435,960,473
North America,US,Indiana,2020-05-03,30540,13190,2409,4577,1010,476
North America,US,Indiana,2020-05-04,31463,13256,2434,4716,1060,477
North America,US,Indiana,2020-05-05,32357,13290,2453,4850,1110,478
North America,US,Indiana,2020-05-06,33223,13294,2467,4980,1160,478
North America,US,Indiana,2020-05-07,34061,13271,2477,5106,1210,476
North America,US,Indiana,2020-05-08,34871,13223,2482,5227,1261,474
North America,US,Indiana,2020-05-09,35652,13150,2483,5344,1310,471
North America,US,Indiana,2020-05-10,36401,13052,2478,5456,1360,466
North America,US,Indiana,2020-05-11,37116,12926,2469,5564,1409,461
North America,US,Indiana,2020-05-12,37800,12779,2456,5666,1458,455
North America,US,Indiana,2020-05-13,38454,12613,2439,5765,1506,449
North America,US,Indiana,2020-05-14,39080,12429,2419,5858,1553,442
North America,US,Indiana,2020-05-15,39676,12230,2396,5948,1600,434
North America,US,Indiana,2020-05-16,40242,12013,2369,6033,1646,425
North America,US,Indiana,2020-05-17,40775,11779,2338,6113,1691,417
North America,US,Indiana,2020-05-18,41281,11533,2305,6189,1735,407
North America,US,Indiana,2020-05-19,41760,11277,2270,6260,1778,397
North America,US,Indiana,2020-05-20,42214,11013,2232,6328,1820,387
North America,US,Indiana,2020-05-21,42643,10742,2193,6393,1862,377
North America,US,Indiana,2020-05-22,43046,10463,2151,6453,1902,367
North America,US,Indiana,2020-05-23,43422,10176,2108,6510,1941,356
North America,US,Indiana,2020-05-24,43775,9883,2063,6563,1979,345
North America,US,Indiana,2020-05-25,44107,9589,2017,6612,2016,334
North America,US,Indiana,2020-05-26,44418,9295,1970,6659,2052,323
North America,US,Indiana,2020-05-27,44711,9000,1923,6703,2086,312
North America,US,Indiana,2020-05-28,44984,8706,1875,6744,2120,301
North America,US,Indiana,2020-05-29,45236,8410,1826,6782,2153,290
North America,US,Indiana,2020-05-30,45471,8116,1777,6817,2184,280
North America,US,Indiana,2020-05-31,45690,7825,1727,6850,2214,269
North America,US,Indiana,2020-06-01,45894,7538,1678,6881,2243,259
North America,US,Indiana,2020-06-02,46085,7255,1629,6909,2272,248
North America,US,Indiana,2020-06-03,46261,6978,1581,6936,2299,238
North America,US,Indiana,2020-06-04,46424,6704,1532,6960,2325,228
North America,US,Indiana,2020-06-05,46574,6435,1484,6982,2350,218
North America,US,Indiana,2020-06-06,46713,6172,1436,7003,2374,209
North America,US,Indiana,2020-06-07,46841,5916,1389,7023,2397,200
North America,US,Indiana,2020-06-08,46960,5666,1343,7040,2419,191
North America,US,Indiana,2020-06-09,47070,5424,1298,7057,2440,182
North America,US,Indiana,2020-06-10,47171,5187,1253,7072,2460,174
North America,US,Indiana,2020-06-11,47263,4958,1210,7086,2479,165
North America,US,Indiana,2020-06-12,47348,4735,1167,7099,2498,157
North America,US,Indiana,2020-06-13,47426,4520,1125,7110,2515,150
North America,US,Indiana,2020-06-14,47498,4313,1084,7121,2532,142
North America,US,Indiana,2020-06-15,47564,4113,1044,7131,2548,135
North America,US,Indiana,2020-06-16,47625,3919,1005,7140,2563,129
North America,US,Indiana,2020-06-17,47680,3733,967,7148,2578,122
North America,US,Indiana,2020-06-18,47730,3553,930,7156,2592,116
North America,US,Indiana,2020-06-19,47776,3381,895,7163,2605,110
North America,US,Indiana,2020-06-20,47818,3215,860,7169,2618,104
North America,US,Indiana,2020-06-21,47857,3057,826,7175,2629,98
North America,US,Indiana,2020-06-22,47892,2905,794,7180,2641,93
North America,US,Indiana,2020-06-23,47924,2759,762,7185,2652,88
North America,US,Indiana,2020-06-24,47952,2619,732,7189,2662,83
North America,US,Indiana,2020-06-25,47979,2486,702,7193,2672,79
North America,US,Indiana,2020-06-26,48003,2359,674,7197,2681,74
North America,US,Indiana,2020-06-27,48025,2237,646,7200,2689,70
North America,US,Indiana,2020-06-28,48045,2121,619,7203,2698,66
North America,US,Indiana,2020-06-29,48062,2010,594,7206,2706,62
North America,US,Indiana,2020-06-30,48079,1905,569,7208,2713,59
North America,US,Indiana,2020-07-01,48093,1804,545,7210,2720,56
North America,US,Indiana,2020-07-02,48107,1709,522,7212,2727,52
North America,US,Indiana,2020-07-03,48119,1618,500,7214,2733,49
North America,US,Indiana,2020-07-04,48130,1531,479,7216,2739,46
North America,US,Indiana,2020-07-05,48140,1449,459,7217,2745,44
North America,US,Indiana,2020-07-06,48148,1371,439,7219,2750,41
North America,US,Indiana,2020-07-07,48156,1297,420,7220,2755,39
North America,US,Indiana,2020-07-08,48164,1226,402,7221,2760,36
North America,US,Indiana,2020-07-09,48170,1160,385,7222,2764,34
North America,US,Indiana,2020-07-10,48176,1096,368,7223,2768,32
North America,US,Indiana,2020-07-11,48181,1036,352,7224,2772,30
North America,US,Indiana,2020-07-12,48186,979,337,7224,2776,28
North America,US,Indiana,2020-07-13,48191,925,322,7225,2780,27
North America,US,Indiana,2020-07-14,48194,874,308,7226,2783,25
North America,US,Indiana,2020-07-15,48198,826,294,7226,2786,23
North America,US,Indiana,2020-07-16,48201,780,281,7227,2789,22
North America,US,Indiana,2020-07-17,48204,737,269,7227,2792,21
North America,US,Indiana,2020-07-18,48206,696,257,7227,2795,19
North America,US,Indiana,2020-07-19,48209,658,246,7228,2797,18
North America,US,Indiana,2020-07-20,48211,621,235,7228,2800,17
North America,US,Indiana,2020-07-21,48212,586,224,7228,2802,16
North America,US,Indiana,2020-07-22,48214,554,215,7228,2804,15
North America,US,Indiana,2020-07-23,48215,523,205,7229,2806,14
North America,US,Indiana,2020-07-24,48217,494,196,7229,2808,13
North America,US,Indiana,2020-07-25,48218,466,187,7229,2810,12
North America,US,Indiana,2020-07-26,48219,440,179,7229,2811,12
North America,US,Indiana,2020-07-27,48220,415,171,7229,2813,11
North America,US,Indiana,2020-07-28,48221,392,163,7229,2814,10
North America,US,Indiana,2020-07-29,48221,370,156,7230,2816,9
North America,US,Indiana,2020-07-30,48222,350,149,7230,2817,9
North America,US,Indiana,2020-07-31,48223,330,142,7230,2818,8
North America,US,Indiana,2020-08-01,48223,312,136,7230,2820,8
North America,US,Indiana,2020-08-02,48224,294,130,7230,2821,7
North America,US,Indiana,2020-08-03,48224,278,124,7230,2822,7
North America,US,Indiana,2020-08-04,48224,262,118,7230,2823,6
North America,US,Indiana,2020-08-05,48225,248,113,7230,2823,6
North America,US,Indiana,2020-08-06,48225,234,108,7230,2824,6
North America,US,Indiana,2020-08-07,48225,221,103,7230,2825,5
North America,US,Indiana,2020-08-08,48225,209,98,7230,2826,5
North America,US,Indiana,2020-08-09,48226,197,94,7230,2827,5
North America,US,Indiana,2020-08-10,48226,186,90,7230,2827,4
North America,US,Indiana,2020-08-11,48226,176,86,7230,2828,4
North America,US,Indiana,2020-08-12,48226,166,82,7230,2829,4
North America,US,Indiana,2020-08-13,48226,157,78,7230,2829,3
North America,US,Indiana,2020-08-14,48226,148,75,7230,2830,3
North America,US,Indiana,2020-08-15,48227,140,71,7230,2830,3
North America,US,Indiana,2020-08-16,48227,132,68,7230,2831,3
North America,US,Indiana,2020-08-17,48227,125,65,7230,2831,3
North America,US,Indiana,2020-08-18,48227,118,62,7230,2831,2
North America,US,Indiana,2020-08-19,48227,112,59,7230,2832,2
North America,US,Indiana,2020-08-20,48227,106,56,7230,2832,2
North America,US,Indiana,2020-08-21,48227,100,54,7230,2832,2
North America,US,Indiana,2020-08-22,48227,94,51,7230,2833,2
North America,US,Indiana,2020-08-23,48227,89,49,7230,2833,2
North America,US,Indiana,2020-08-24,48227,84,47,7230,2833,2
North America,US,Indiana,2020-08-25,48227,80,45,7230,2834,2
North America,US,Indiana,2020-08-26,48227,75,43,7230,2834,1
North America,US,Indiana,2020-08-27,48227,71,41,7230,2834,1
North America,US,Indiana,2020-08-28,48227,68,39,7230,2834,1
North America,US,Indiana,2020-08-29,48227,64,37,7230,2835,1
North America,US,Indiana,2020-08-30,48227,60,36,7230,2835,1
North America,US,Indiana,2020-08-31,48227,57,34,7230,2835,1
North America,US,Indiana,2020-09-01,48227,54,32,7230,2835,1
North America,US,Iowa,2020-03-23,105,105,16,16,0,4
North America,US,Iowa,2020-03-24,219,208,32,33,0,8
North America,US,Iowa,2020-03-25,330,303,47,50,1,11
North America,US,Iowa,2020-03-26,452,402,62,68,1,15
North America,US,Iowa,2020-03-27,592,512,80,89,2,19
North America,US,Iowa,2020-03-28,756,639,101,113,2,24
North America,US,Iowa,2020-03-29,948,785,124,142,3,29
North America,US,Iowa,2020-03-30,1168,949,151,175,5,35
North America,US,Iowa,2020-03-31,1420,1132,181,213,6,42
North America,US,Iowa,2020-04-01,1702,1334,214,255,8,49
North America,US,Iowa,2020-04-02,2018,1556,251,303,10,58
North America,US,Iowa,2020-04-03,2367,1796,291,355,12,66
North America,US,Iowa,2020-04-04,2752,2056,334,413,15,76
North America,US,Iowa,2020-04-05,3171,2332,380,476,18,86
North America,US,Iowa,2020-04-06,3622,2622,429,543,22,97
North America,US,Iowa,2020-04-07,4107,2926,481,616,26,108
North America,US,Iowa,2020-04-08,4628,3246,535,694,30,120
North America,US,Iowa,2020-04-09,5183,3579,592,777,35,132
North America,US,Iowa,2020-04-10,5766,3919,651,865,40,144
North America,US,Iowa,2020-04-11,6377,4264,711,957,46,157
North America,US,Iowa,2020-04-12,7013,4612,772,1052,52,169
North America,US,Iowa,2020-04-13,7676,4963,835,1151,59,182
North America,US,Iowa,2020-04-14,8360,5313,897,1254,67,195
North America,US,Iowa,2020-04-15,9062,5659,959,1359,74,207
North America,US,Iowa,2020-04-16,9778,5996,1021,1467,83,219
North America,US,Iowa,2020-04-17,10506,6324,1081,1576,92,231
North America,US,Iowa,2020-04-18,11244,6642,1141,1687,101,243
North America,US,Iowa,2020-04-19,11989,6946,1198,1798,111,254
North America,US,Iowa,2020-04-20,12737,7233,1254,1910,121,264
North America,US,Iowa,2020-04-21,13484,7503,1307,2023,132,273
North America,US,Iowa,2020-04-22,14229,7754,1357,2134,143,282
North America,US,Iowa,2020-04-23,14969,7983,1404,2245,154,290
North America,US,Iowa,2020-04-24,15701,8191,1447,2355,166,298
North America,US,Iowa,2020-04-25,16422,8376,1488,2463,178,304
North America,US,Iowa,2020-04-26,17132,8537,1524,2570,191,309
North America,US,Iowa,2020-04-27,17828,8676,1557,2674,203,314
North America,US,Iowa,2020-04-28,18509,8793,1587,2776,216,318
North America,US,Iowa,2020-04-29,19174,8886,1612,2876,229,321
North America,US,Iowa,2020-04-30,19818,8954,1634,2973,242,323
North America,US,Iowa,2020-05-01,20441,8997,1651,3066,256,324
North America,US,Iowa,2020-05-02,21042,9016,1665,3156,269,324
North America,US,Iowa,2020-05-03,21623,9014,1674,3243,283,324
North America,US,Iowa,2020-05-04,22183,8993,1681,3327,296,323
North America,US,Iowa,2020-05-05,22722,8953,1684,3408,310,321
North America,US,Iowa,2020-05-06,23237,8893,1683,3486,323,318
North America,US,Iowa,2020-05-07,23727,8812,1679,3559,337,315
North America,US,Iowa,2020-05-08,24193,8714,1671,3629,350,311
North America,US,Iowa,2020-05-09,24638,8601,1661,3696,363,306
North America,US,Iowa,2020-05-10,25062,8475,1648,3759,376,301
North America,US,Iowa,2020-05-11,25464,8338,1632,3820,389,296
North America,US,Iowa,2020-05-12,25845,8187,1614,3877,402,290
North America,US,Iowa,2020-05-13,26202,8023,1593,3930,415,284
North America,US,Iowa,2020-05-14,26538,7850,1570,3981,427,277
North America,US,Iowa,2020-05-15,26856,7669,1546,4028,439,270
North America,US,Iowa,2020-05-16,27155,7482,1520,4073,451,263
North America,US,Iowa,2020-05-17,27436,7291,1492,4115,463,256
North America,US,Iowa,2020-05-18,27700,7093,1463,4155,474,248
North America,US,Iowa,2020-05-19,27944,6890,1433,4192,485,241
North America,US,Iowa,2020-05-20,28173,6684,1402,4226,496,233
North America,US,Iowa,2020-05-21,28386,6477,1370,4258,507,225
North America,US,Iowa,2020-05-22,28586,6269,1337,4288,517,218
North America,US,Iowa,2020-05-23,28772,6062,1304,4316,527,210
North America,US,Iowa,2020-05-24,28944,5854,1270,4342,537,202
North America,US,Iowa,2020-05-25,29103,5647,1236,4366,547,195
North America,US,Iowa,2020-05-26,29251,5441,1201,4388,556,187
North America,US,Iowa,2020-05-27,29387,5237,1167,4408,565,180
North America,US,Iowa,2020-05-28,29514,5037,1133,4427,573,172
North America,US,Iowa,2020-05-29,29631,4841,1099,4445,582,165
North America,US,Iowa,2020-05-30,29739,4648,1065,4461,590,158
North America,US,Iowa,2020-05-31,29838,4458,1031,4476,598,151
North America,US,Iowa,2020-06-01,29929,4272,998,4489,605,144
North America,US,Iowa,2020-06-02,30012,4090,965,4502,612,138
North America,US,Iowa,2020-06-03,30089,3914,933,4513,619,132
North America,US,Iowa,2020-06-04,30160,3743,901,4524,626,125
North America,US,Iowa,2020-06-05,30225,3577,870,4534,633,119
North America,US,Iowa,2020-06-06,30284,3415,839,4543,639,114
North America,US,Iowa,2020-06-07,30338,3259,809,4551,645,108
North America,US,Iowa,2020-06-08,30388,3108,780,4558,651,103
North America,US,Iowa,2020-06-09,30433,2962,751,4565,656,98
North America,US,Iowa,2020-06-10,30474,2822,723,4571,661,93
North America,US,Iowa,2020-06-11,30512,2687,696,4577,666,88
North America,US,Iowa,2020-06-12,30546,2557,669,4582,671,83
North America,US,Iowa,2020-06-13,30577,2431,644,4587,676,79
North America,US,Iowa,2020-06-14,30605,2311,619,4591,680,75
North America,US,Iowa,2020-06-15,30631,2196,594,4595,685,71
North America,US,Iowa,2020-06-16,30654,2086,571,4598,689,67
North America,US,Iowa,2020-06-17,30675,1980,548,4601,693,63
North America,US,Iowa,2020-06-18,30695,1879,526,4604,697,60
North America,US,Iowa,2020-06-19,30712,1783,505,4607,700,56
North America,US,Iowa,2020-06-20,30728,1691,484,4609,704,53
North America,US,Iowa,2020-06-21,30742,1603,465,4611,707,50
North America,US,Iowa,2020-06-22,30755,1519,445,4613,710,47
North America,US,Iowa,2020-06-23,30766,1439,427,4615,713,45
North America,US,Iowa,2020-06-24,30777,1363,409,4616,716,42
North America,US,Iowa,2020-06-25,30786,1291,392,4618,719,40
North America,US,Iowa,2020-06-26,30794,1222,376,4619,721,37
North America,US,Iowa,2020-06-27,30802,1156,360,4620,724,35
North America,US,Iowa,2020-06-28,30809,1094,344,4621,726,33
North America,US,Iowa,2020-06-29,30815,1035,330,4622,728,31
North America,US,Iowa,2020-06-30,30821,979,316,4623,731,29
North America,US,Iowa,2020-07-01,30826,926,302,4624,733,28
North America,US,Iowa,2020-07-02,30830,875,289,4625,735,26
North America,US,Iowa,2020-07-03,30834,827,277,4625,736,24
North America,US,Iowa,2020-07-04,30838,782,265,4626,738,23
North America,US,Iowa,2020-07-05,30841,739,253,4626,740,21
North America,US,Iowa,2020-07-06,30844,698,242,4627,742,20
North America,US,Iowa,2020-07-07,30847,660,232,4627,743,19
North America,US,Iowa,2020-07-08,30849,623,221,4627,745,18
North America,US,Iowa,2020-07-09,30851,589,212,4628,746,17
North America,US,Iowa,2020-07-10,30853,556,202,4628,747,16
North America,US,Iowa,2020-07-11,30854,525,193,4628,749,15
North America,US,Iowa,2020-07-12,30856,496,185,4628,750,14
North America,US,Iowa,2020-07-13,30857,469,177,4629,751,13
North America,US,Iowa,2020-07-14,30858,443,169,4629,752,12
North America,US,Iowa,2020-07-15,30859,418,161,4629,753,11
North America,US,Iowa,2020-07-16,30860,395,154,4629,754,11
North America,US,Iowa,2020-07-17,30861,373,147,4629,755,10
North America,US,Iowa,2020-07-18,30862,352,141,4629,756,9
North America,US,Iowa,2020-07-19,30863,332,135,4629,757,9
North America,US,Iowa,2020-07-20,30863,314,129,4629,758,8
North America,US,Iowa,2020-07-21,30864,296,123,4630,758,8
North America,US,Iowa,2020-07-22,30864,280,117,4630,759,7
North America,US,Iowa,2020-07-23,30865,264,112,4630,760,7
North America,US,Iowa,2020-07-24,30865,250,107,4630,761,6
North America,US,Iowa,2020-07-25,30865,236,102,4630,761,6
North America,US,Iowa,2020-07-26,30866,223,98,4630,762,6
North America,US,Iowa,2020-07-27,30866,210,93,4630,762,5
North America,US,Iowa,2020-07-28,30866,199,89,4630,763,5
North America,US,Iowa,2020-07-29,30866,188,85,4630,764,5
North America,US,Iowa,2020-07-30,30866,177,81,4630,764,4
North America,US,Iowa,2020-07-31,30867,167,78,4630,765,4
North America,US,Iowa,2020-08-01,30867,158,74,4630,765,4
North America,US,Iowa,2020-08-02,30867,150,71,4630,765,3
North America,US,Iowa,2020-08-03,30867,141,68,4630,766,3
North America,US,Iowa,2020-08-04,30867,134,65,4630,766,3
North America,US,Iowa,2020-08-05,30867,126,62,4630,767,3
North America,US,Iowa,2020-08-06,30867,119,59,4630,767,3
North America,US,Iowa,2020-08-07,30867,113,56,4630,767,2
North America,US,Iowa,2020-08-08,30867,107,54,4630,768,2
North America,US,Iowa,2020-08-09,30867,101,51,4630,768,2
North America,US,Iowa,2020-08-10,30867,95,49,4630,768,2
North America,US,Iowa,2020-08-11,30867,90,47,4630,768,2
North America,US,Iowa,2020-08-12,30867,85,45,4630,769,2
North America,US,Iowa,2020-08-13,30868,81,43,4630,769,2
North America,US,Iowa,2020-08-14,30868,76,41,4630,769,2
North America,US,Iowa,2020-08-15,30868,72,39,4630,769,1
North America,US,Iowa,2020-08-16,30868,68,37,4630,770,1
North America,US,Iowa,2020-08-17,30868,64,35,4630,770,1
North America,US,Iowa,2020-08-18,30868,61,34,4630,770,1
North America,US,Iowa,2020-08-19,30868,58,32,4630,770,1
North America,US,Iowa,2020-08-20,30868,55,31,4630,770,1
North America,US,Iowa,2020-08-21,30868,52,29,4630,771,1
North America,US,Iowa,2020-08-22,30868,49,28,4630,771,1
North America,US,Iowa,2020-08-23,30868,46,27,4630,771,1
North America,US,Iowa,2020-08-24,30868,44,26,4630,771,1
North America,US,Iowa,2020-08-25,30868,42,25,4630,771,1
North America,US,Iowa,2020-08-26,30868,39,23,4630,771,1
North America,US,Iowa,2020-08-27,30868,37,22,4630,771,1
North America,US,Iowa,2020-08-28,30868,35,21,4630,772,1
North America,US,Iowa,2020-08-29,30868,33,20,4630,772,1
North America,US,Iowa,2020-08-30,30868,32,19,4630,772,1
North America,US,Iowa,2020-08-31,30868,30,19,4630,772,1
North America,US,Iowa,2020-09-01,30868,28,18,4630,772,0
North America,US,Kansas,2020-03-25,134,116,17,17,3,4
North America,US,Kansas,2020-03-26,144,118,18,19,3,4
North America,US,Kansas,2020-03-27,155,122,19,21,4,5
North America,US,Kansas,2020-03-28,169,127,20,23,4,5
North America,US,Kansas,2020-03-29,186,135,22,25,4,5
North America,US,Kansas,2020-03-30,206,146,23,28,5,5
North America,US,Kansas,2020-03-31,230,160,26,32,5,6
North America,US,Kansas,2020-04-01,258,177,29,36,5,7
North America,US,Kansas,2020-04-02,292,198,32,41,6,7
North America,US,Kansas,2020-04-03,332,224,37,47,6,8
North America,US,Kansas,2020-04-04,378,254,42,54,7,9
North America,US,Kansas,2020-04-05,431,289,48,62,7,11
North America,US,Kansas,2020-04-06,492,330,55,71,8,12
North America,US,Kansas,2020-04-07,562,377,62,82,9,14
North America,US,Kansas,2020-04-08,641,429,71,94,10,16
North America,US,Kansas,2020-04-09,731,488,81,107,11,18
North America,US,Kansas,2020-04-10,831,554,92,122,12,20
North America,US,Kansas,2020-04-11,942,626,104,139,13,23
North America,US,Kansas,2020-04-12,1065,705,117,157,14,26
North America,US,Kansas,2020-04-13,1200,791,131,177,16,29
North America,US,Kansas,2020-04-14,1348,884,147,200,17,32
North America,US,Kansas,2020-04-15,1510,983,164,224,19,36
North America,US,Kansas,2020-04-16,1684,1089,182,250,21,40
North America,US,Kansas,2020-04-17,1871,1201,201,278,23,44
North America,US,Kansas,2020-04-18,2072,1318,221,308,26,48
North America,US,Kansas,2020-04-19,2287,1442,243,340,28,53
North America,US,Kansas,2020-04-20,2515,1571,265,375,31,58
North America,US,Kansas,2020-04-21,2756,1703,288,411,34,62
North America,US,Kansas,2020-04-22,3009,1840,312,449,37,67
North America,US,Kansas,2020-04-23,3275,1979,336,489,41,72
North America,US,Kansas,2020-04-24,3553,2122,362,530,44,78
North America,US,Kansas,2020-04-25,3842,2267,388,574,48,83
North America,US,Kansas,2020-04-26,4142,2412,414,619,52,88
North America,US,Kansas,2020-04-27,4450,2557,440,665,56,93
North America,US,Kansas,2020-04-28,4768,2701,466,713,60,99
North America,US,Kansas,2020-04-29,5095,2845,493,762,65,104
North America,US,Kansas,2020-04-30,5429,2988,519,812,69,109
North America,US,Kansas,2020-05-01,5770,3127,545,863,74,114
North America,US,Kansas,2020-05-02,6115,3262,571,915,79,119
North America,US,Kansas,2020-05-03,6464,3392,596,967,84,123
North America,US,Kansas,2020-05-04,6818,3518,620,1020,89,128
North America,US,Kansas,2020-05-05,7174,3640,644,1073,95,132
North America,US,Kansas,2020-05-06,7533,3755,667,1127,100,136
North America,US,Kansas,2020-05-07,7892,3864,689,1181,106,140
North America,US,Kansas,2020-05-08,8250,3964,710,1235,111,144
North America,US,Kansas,2020-05-09,8606,4058,730,1288,117,147
North America,US,Kansas,2020-05-10,8961,4143,748,1341,122,150
North America,US,Kansas,2020-05-11,9313,4221,766,1394,128,152
North America,US,Kansas,2020-05-12,9663,4291,782,1447,134,155
North America,US,Kansas,2020-05-13,10008,4353,797,1498,139,157
North America,US,Kansas,2020-05-14,10347,4406,810,1549,145,159
North America,US,Kansas,2020-05-15,10681,4449,822,1599,151,160
North America,US,Kansas,2020-05-16,11008,4484,832,1648,156,161
North America,US,Kansas,2020-05-17,11329,4510,841,1697,162,162
North America,US,Kansas,2020-05-18,11642,4528,849,1744,167,162
North America,US,Kansas,2020-05-19,11948,4538,855,1790,173,162
North America,US,Kansas,2020-05-20,12246,4539,860,1834,178,162
North America,US,Kansas,2020-05-21,12536,4532,863,1878,183,162
North America,US,Kansas,2020-05-22,12817,4518,865,1920,189,161
North America,US,Kansas,2020-05-23,13090,4497,865,1961,194,160
North America,US,Kansas,2020-05-24,13355,4469,865,2000,199,159
North America,US,Kansas,2020-05-25,13610,4434,863,2039,203,158
North America,US,Kansas,2020-05-26,13855,4392,859,2076,208,156
North America,US,Kansas,2020-05-27,14091,4343,855,2111,213,154
North America,US,Kansas,2020-05-28,14317,4288,849,2145,217,152
North America,US,Kansas,2020-05-29,14535,4228,842,2177,222,149
North America,US,Kansas,2020-05-30,14744,4164,834,2209,226,147
North America,US,Kansas,2020-05-31,14944,4096,826,2239,230,144
North America,US,Kansas,2020-06-01,15135,4023,816,2267,234,141
North America,US,Kansas,2020-06-02,15316,3946,805,2295,238,139
North America,US,Kansas,2020-06-03,15490,3866,794,2321,241,136
North America,US,Kansas,2020-06-04,15655,3783,782,2345,245,132
North America,US,Kansas,2020-06-05,15812,3697,770,2369,248,129
North America,US,Kansas,2020-06-06,15961,3610,757,2391,251,126
North America,US,Kansas,2020-06-07,16102,3520,743,2413,255,123
North America,US,Kansas,2020-06-08,16236,3429,729,2433,258,119
North America,US,Kansas,2020-06-09,16362,3336,714,2452,260,116
North America,US,Kansas,2020-06-10,16482,3243,699,2470,263,112
North America,US,Kansas,2020-06-11,16595,3150,684,2487,266,109
North America,US,Kansas,2020-06-12,16702,3057,668,2503,268,105
North America,US,Kansas,2020-06-13,16802,2963,653,2518,271,102
North America,US,Kansas,2020-06-14,16896,2869,637,2532,273,98
North America,US,Kansas,2020-06-15,16984,2775,621,2545,275,95
North America,US,Kansas,2020-06-16,17068,2682,605,2557,277,92
North America,US,Kansas,2020-06-17,17146,2591,589,2569,279,88
North America,US,Kansas,2020-06-18,17219,2501,573,2580,281,85
North America,US,Kansas,2020-06-19,17288,2412,557,2591,283,82
North America,US,Kansas,2020-06-20,17352,2324,541,2600,284,79
North America,US,Kansas,2020-06-21,17411,2237,525,2609,286,76
North America,US,Kansas,2020-06-22,17467,2152,510,2617,287,72
North America,US,Kansas,2020-06-23,17519,2069,494,2625,289,69
North America,US,Kansas,2020-06-24,17568,1988,479,2632,290,67
North America,US,Kansas,2020-06-25,17613,1909,464,2639,291,64
North America,US,Kansas,2020-06-26,17655,1831,449,2646,293,61
North America,US,Kansas,2020-06-27,17694,1755,434,2651,294,58
North America,US,Kansas,2020-06-28,17730,1682,420,2657,295,56
North America,US,Kansas,2020-06-29,17764,1611,406,2662,296,53
North America,US,Kansas,2020-06-30,17795,1542,392,2667,297,51
North America,US,Kansas,2020-07-01,17824,1475,378,2671,297,48
North America,US,Kansas,2020-07-02,17850,1410,365,2675,298,46
North America,US,Kansas,2020-07-03,17875,1347,352,2679,299,44
North America,US,Kansas,2020-07-04,17898,1286,340,2682,300,42
North America,US,Kansas,2020-07-05,17919,1228,327,2685,300,40
North America,US,Kansas,2020-07-06,17938,1171,315,2688,301,38
North America,US,Kansas,2020-07-07,17956,1117,304,2691,302,36
North America,US,Kansas,2020-07-08,17973,1065,292,2693,302,34
North America,US,Kansas,2020-07-09,17988,1014,281,2696,303,32
North America,US,Kansas,2020-07-10,18002,966,271,2698,303,31
North America,US,Kansas,2020-07-11,18015,919,260,2700,303,29
North America,US,Kansas,2020-07-12,18027,875,250,2701,304,28
North America,US,Kansas,2020-07-13,18038,832,240,2703,304,26
North America,US,Kansas,2020-07-14,18048,791,231,2704,305,25
North America,US,Kansas,2020-07-15,18057,752,222,2706,305,23
North America,US,Kansas,2020-07-16,18065,714,213,2707,305,22
North America,US,Kansas,2020-07-17,18073,678,205,2708,305,21
North America,US,Kansas,2020-07-18,18080,644,196,2709,306,20
North America,US,Kansas,2020-07-19,18086,612,188,2710,306,19
North America,US,Kansas,2020-07-20,18092,580,181,2711,306,18
North America,US,Kansas,2020-07-21,18098,551,173,2712,306,17
North America,US,Kansas,2020-07-22,18103,522,166,2713,307,16
North America,US,Kansas,2020-07-23,18107,495,159,2713,307,15
North America,US,Kansas,2020-07-24,18111,469,153,2714,307,14
North America,US,Kansas,2020-07-25,18115,445,146,2715,307,13
North America,US,Kansas,2020-07-26,18118,421,140,2715,307,12
North America,US,Kansas,2020-07-27,18122,399,134,2716,307,12
North America,US,Kansas,2020-07-28,18124,378,129,2716,307,11
North America,US,Kansas,2020-07-29,18127,358,123,2716,308,10
North America,US,Kansas,2020-07-30,18129,339,118,2717,308,10
North America,US,Kansas,2020-07-31,18131,321,113,2717,308,9
North America,US,Kansas,2020-08-01,18133,304,108,2717,308,9
North America,US,Kansas,2020-08-02,18135,287,104,2718,308,8
North America,US,Kansas,2020-08-03,18137,272,99,2718,308,8
North America,US,Kansas,2020-08-04,18138,257,95,2718,308,7
North America,US,Kansas,2020-08-05,18139,243,91,2718,308,7
North America,US,Kansas,2020-08-06,18141,230,87,2718,308,6
North America,US,Kansas,2020-08-07,18142,218,83,2719,308,6
North America,US,Kansas,2020-08-08,18143,206,79,2719,308,6
North America,US,Kansas,2020-08-09,18143,195,76,2719,308,5
North America,US,Kansas,2020-08-10,18144,184,73,2719,308,5
North America,US,Kansas,2020-08-11,18145,174,69,2719,308,5
North America,US,Kansas,2020-08-12,18146,164,66,2719,308,4
North America,US,Kansas,2020-08-13,18146,155,64,2719,309,4
North America,US,Kansas,2020-08-14,18147,147,61,2719,309,4
North America,US,Kansas,2020-08-15,18147,139,58,2719,309,4
North America,US,Kansas,2020-08-16,18148,131,55,2719,309,3
North America,US,Kansas,2020-08-17,18148,124,53,2719,309,3
North America,US,Kansas,2020-08-18,18148,117,51,2720,309,3
North America,US,Kansas,2020-08-19,18149,111,48,2720,309,3
North America,US,Kansas,2020-08-20,18149,105,46,2720,309,3
North America,US,Kansas,2020-08-21,18149,99,44,2720,309,2
North America,US,Kansas,2020-08-22,18149,93,42,2720,309,2
North America,US,Kansas,2020-08-23,18150,88,40,2720,309,2
North America,US,Kansas,2020-08-24,18150,83,39,2720,309,2
North America,US,Kansas,2020-08-25,18150,79,37,2720,309,2
North America,US,Kansas,2020-08-26,18150,75,35,2720,309,2
North America,US,Kansas,2020-08-27,18150,70,34,2720,309,2
North America,US,Kansas,2020-08-28,18150,67,32,2720,309,2
North America,US,Kansas,2020-08-29,18151,63,31,2720,309,1
North America,US,Kansas,2020-08-30,18151,59,29,2720,309,1
North America,US,Kansas,2020-08-31,18151,56,28,2720,309,1
North America,US,Kansas,2020-09-01,18151,53,27,2720,309,1
North America,US,Kentucky,2020-03-22,103,85,13,13,3,3
North America,US,Kentucky,2020-03-23,176,150,23,24,3,6
North America,US,Kentucky,2020-03-24,242,205,32,34,4,8
North America,US,Kentucky,2020-03-25,309,257,40,44,4,10
North America,US,Kentucky,2020-03-26,382,311,49,55,5,12
North America,US,Kentucky,2020-03-27,463,370,58,67,6,14
North America,US,Kentucky,2020-03-28,554,435,69,80,7,16
North America,US,Kentucky,2020-03-29,657,508,81,96,8,19
North America,US,Kentucky,2020-03-30,773,588,94,113,9,22
North America,US,Kentucky,2020-03-31,903,677,109,133,11,25
North America,US,Kentucky,2020-04-01,1047,774,125,154,12,29
North America,US,Kentucky,2020-04-02,1207,881,143,178,14,33
North America,US,Kentucky,2020-04-03,1383,996,162,205,17,37
North America,US,Kentucky,2020-04-04,1575,1119,183,234,19,41
North America,US,Kentucky,2020-04-05,1783,1251,206,265,22,46
North America,US,Kentucky,2020-04-06,2009,1391,229,299,25,51
North America,US,Kentucky,2020-04-07,2252,1539,254,335,29,57
North America,US,Kentucky,2020-04-08,2511,1694,281,374,32,62
North America,US,Kentucky,2020-04-09,2786,1854,309,415,37,68
North America,US,Kentucky,2020-04-10,3076,2019,337,459,41,74
North America,US,Kentucky,2020-04-11,3382,2189,367,505,46,80
North America,US,Kentucky,2020-04-12,3704,2363,397,553,51,87
North America,US,Kentucky,2020-04-13,4038,2539,428,603,57,93
North America,US,Kentucky,2020-04-14,4384,2715,460,655,63,99
North America,US,Kentucky,2020-04-15,4741,2890,491,708,69,106
North America,US,Kentucky,2020-04-16,5108,3065,523,764,76,112
North America,US,Kentucky,2020-04-17,5485,3238,554,820,83,118
North America,US,Kentucky,2020-04-18,5870,3408,585,878,91,125
North America,US,Kentucky,2020-04-19,6260,3572,616,936,99,130
North America,US,Kentucky,2020-04-20,6654,3730,646,995,107,136
North America,US,Kentucky,2020-04-21,7051,3882,675,1055,115,141
North America,US,Kentucky,2020-04-22,7451,4026,703,1115,124,147
North America,US,Kentucky,2020-04-23,7851,4163,730,1175,133,151
North America,US,Kentucky,2020-04-24,8251,4290,755,1235,143,156
North America,US,Kentucky,2020-04-25,8649,4407,779,1295,153,160
North America,US,Kentucky,2020-04-26,9043,4513,802,1354,162,164
North America,US,Kentucky,2020-04-27,9433,4609,823,1412,173,167
North America,US,Kentucky,2020-04-28,9818,4693,842,1470,183,170
North America,US,Kentucky,2020-04-29,10196,4767,859,1527,193,172
North America,US,Kentucky,2020-04-30,10567,4828,875,1582,204,174
North America,US,Kentucky,2020-05-01,10930,4878,888,1637,214,176
North America,US,Kentucky,2020-05-02,11284,4917,900,1690,225,177
North America,US,Kentucky,2020-05-03,11630,4946,910,1742,236,178
North America,US,Kentucky,2020-05-04,11966,4963,918,1792,247,178
North America,US,Kentucky,2020-05-05,12292,4969,924,1841,258,178
North America,US,Kentucky,2020-05-06,12606,4963,928,1888,268,178
North America,US,Kentucky,2020-05-07,12908,4947,930,1933,279,177
North America,US,Kentucky,2020-05-08,13199,4921,931,1977,290,176
North America,US,Kentucky,2020-05-09,13479,4886,930,2019,301,175
North America,US,Kentucky,2020-05-10,13749,4843,927,2060,311,173
North America,US,Kentucky,2020-05-11,14007,4792,923,2098,322,171
North America,US,Kentucky,2020-05-12,14252,4732,917,2135,332,168
North America,US,Kentucky,2020-05-13,14486,4664,910,2170,342,166
North America,US,Kentucky,2020-05-14,14709,4590,901,2204,352,163
North America,US,Kentucky,2020-05-15,14921,4511,892,2235,362,160
North America,US,Kentucky,2020-05-16,15123,4427,881,2266,372,156
North America,US,Kentucky,2020-05-17,15314,4337,869,2294,381,153
North America,US,Kentucky,2020-05-18,15494,4243,856,2321,391,149
North America,US,Kentucky,2020-05-19,15663,4144,842,2347,400,146
North America,US,Kentucky,2020-05-20,15824,4043,828,2371,409,142
North America,US,Kentucky,2020-05-21,15975,3939,812,2394,417,138
North America,US,Kentucky,2020-05-22,16118,3834,796,2415,426,134
North America,US,Kentucky,2020-05-23,16252,3727,780,2435,434,130
North America,US,Kentucky,2020-05-24,16376,3617,763,2454,442,126
North America,US,Kentucky,2020-05-25,16493,3507,745,2471,450,122
North America,US,Kentucky,2020-05-26,16602,3396,728,2488,458,118
North America,US,Kentucky,2020-05-27,16704,3286,710,2503,465,114
North America,US,Kentucky,2020-05-28,16800,3176,692,2517,472,110
North America,US,Kentucky,2020-05-29,16889,3067,673,2531,479,106
North America,US,Kentucky,2020-05-30,16972,2958,655,2543,486,102
North America,US,Kentucky,2020-05-31,17049,2850,637,2555,492,98
North America,US,Kentucky,2020-06-01,17120,2744,618,2565,499,94
North America,US,Kentucky,2020-06-02,17186,2640,600,2575,505,90
North America,US,Kentucky,2020-06-03,17247,2537,582,2584,511,86
North America,US,Kentucky,2020-06-04,17304,2437,564,2593,516,83
North America,US,Kentucky,2020-06-05,17357,2338,546,2601,522,79
North America,US,Kentucky,2020-06-06,17405,2242,528,2608,527,76
North America,US,Kentucky,2020-06-07,17449,2148,511,2615,532,72
North America,US,Kentucky,2020-06-08,17491,2056,494,2621,537,69
North America,US,Kentucky,2020-06-09,17529,1968,477,2627,541,66
North America,US,Kentucky,2020-06-10,17564,1882,461,2632,546,63
North America,US,Kentucky,2020-06-11,17596,1798,444,2637,550,60
North America,US,Kentucky,2020-06-12,17625,1717,429,2641,554,57
North America,US,Kentucky,2020-06-13,17652,1639,413,2645,558,54
North America,US,Kentucky,2020-06-14,17677,1563,398,2649,562,51
North America,US,Kentucky,2020-06-15,17699,1490,383,2652,566,49
North America,US,Kentucky,2020-06-16,17720,1420,369,2655,569,46
North America,US,Kentucky,2020-06-17,17739,1352,355,2658,572,44
North America,US,Kentucky,2020-06-18,17756,1287,342,2661,576,42
North America,US,Kentucky,2020-06-19,17772,1224,328,2663,579,40
North America,US,Kentucky,2020-06-20,17787,1164,316,2665,582,37
North America,US,Kentucky,2020-06-21,17800,1107,303,2667,584,35
North America,US,Kentucky,2020-06-22,17812,1052,291,2669,587,34
North America,US,Kentucky,2020-06-23,17823,999,280,2671,590,32
North America,US,Kentucky,2020-06-24,17833,949,269,2672,592,30
North America,US,Kentucky,2020-06-25,17842,900,258,2674,594,28
North America,US,Kentucky,2020-06-26,17850,854,247,2675,597,27
North America,US,Kentucky,2020-06-27,17857,810,237,2676,599,25
North America,US,Kentucky,2020-06-28,17864,768,227,2677,601,24
North America,US,Kentucky,2020-06-29,17870,728,218,2678,603,23
North America,US,Kentucky,2020-06-30,17876,690,209,2679,605,21
North America,US,Kentucky,2020-07-01,17881,654,200,2679,606,20
North America,US,Kentucky,2020-07-02,17885,619,192,2680,608,19
North America,US,Kentucky,2020-07-03,17889,587,184,2681,610,18
North America,US,Kentucky,2020-07-04,17893,555,176,2681,611,17
North America,US,Kentucky,2020-07-05,17896,526,169,2682,613,16
North America,US,Kentucky,2020-07-06,17899,498,161,2682,614,15
North America,US,Kentucky,2020-07-07,17902,471,154,2683,615,14
North America,US,Kentucky,2020-07-08,17904,445,148,2683,617,13
North America,US,Kentucky,2020-07-09,17907,421,141,2683,618,12
North America,US,Kentucky,2020-07-10,17909,398,135,2684,619,12
North America,US,Kentucky,2020-07-11,17910,377,129,2684,620,11
North America,US,Kentucky,2020-07-12,17912,356,124,2684,621,10
North America,US,Kentucky,2020-07-13,17913,337,118,2684,622,10
North America,US,Kentucky,2020-07-14,17915,318,113,2685,623,9
North America,US,Kentucky,2020-07-15,17916,301,108,2685,624,8
North America,US,Kentucky,2020-07-16,17917,284,104,2685,625,8
North America,US,Kentucky,2020-07-17,17918,269,99,2685,626,7
North America,US,Kentucky,2020-07-18,17919,254,95,2685,626,7
North America,US,Kentucky,2020-07-19,17919,240,91,2685,627,7
North America,US,Kentucky,2020-07-20,17920,227,87,2685,628,6
North America,US,Kentucky,2020-07-21,17921,214,83,2685,629,6
North America,US,Kentucky,2020-07-22,17921,202,79,2685,629,5
North America,US,Kentucky,2020-07-23,17922,191,76,2686,630,5
North America,US,Kentucky,2020-07-24,17922,181,72,2686,630,5
North America,US,Kentucky,2020-07-25,17923,171,69,2686,631,4
North America,US,Kentucky,2020-07-26,17923,161,66,2686,631,4
North America,US,Kentucky,2020-07-27,17923,152,63,2686,632,4
North America,US,Kentucky,2020-07-28,17923,144,60,2686,632,4
North America,US,Kentucky,2020-07-29,17924,136,57,2686,633,3
North America,US,Kentucky,2020-07-30,17924,128,55,2686,633,3
North America,US,Kentucky,2020-07-31,17924,121,52,2686,634,3
North America,US,Kentucky,2020-08-01,17924,115,50,2686,634,3
North America,US,Kentucky,2020-08-02,17924,108,48,2686,634,3
North America,US,Kentucky,2020-08-03,17925,102,46,2686,635,3
North America,US,Kentucky,2020-08-04,17925,97,44,2686,635,2
North America,US,Kentucky,2020-08-05,17925,91,42,2686,635,2
North America,US,Kentucky,2020-08-06,17925,86,40,2686,636,2
North America,US,Kentucky,2020-08-07,17925,82,38,2686,636,2
North America,US,Kentucky,2020-08-08,17925,77,36,2686,636,2
North America,US,Kentucky,2020-08-09,17925,73,35,2686,637,2
North America,US,Kentucky,2020-08-10,17925,69,33,2686,637,2
North America,US,Kentucky,2020-08-11,17925,65,32,2686,637,1
North America,US,Kentucky,2020-08-12,17925,62,30,2686,637,1
North America,US,Kentucky,2020-08-13,17925,58,29,2686,638,1
North America,US,Kentucky,2020-08-14,17925,55,28,2686,638,1
North America,US,Kentucky,2020-08-15,17925,52,26,2686,638,1
North America,US,Kentucky,2020-08-16,17925,49,25,2686,638,1
North America,US,Kentucky,2020-08-17,17925,47,24,2686,638,1
North America,US,Kentucky,2020-08-18,17925,44,23,2686,638,1
North America,US,Kentucky,2020-08-19,17926,42,22,2686,639,1
North America,US,Kentucky,2020-08-20,17926,39,21,2686,639,1
North America,US,Kentucky,2020-08-21,17926,37,20,2686,639,1
North America,US,Kentucky,2020-08-22,17926,35,19,2686,639,1
North America,US,Kentucky,2020-08-23,17926,33,18,2686,639,1
North America,US,Kentucky,2020-08-24,17926,32,17,2686,639,1
North America,US,Kentucky,2020-08-25,17926,30,17,2686,639,1
North America,US,Kentucky,2020-08-26,17926,28,16,2686,640,1
North America,US,Kentucky,2020-08-27,17926,27,15,2686,640,1
North America,US,Kentucky,2020-08-28,17926,25,14,2686,640,0
North America,US,Kentucky,2020-08-29,17926,24,14,2686,640,0
North America,US,Kentucky,2020-08-30,17926,23,13,2686,640,0
North America,US,Kentucky,2020-08-31,17926,22,13,2686,640,0
North America,US,Kentucky,2020-09-01,17926,20,12,2686,640,0
North America,US,Louisiana,2020-03-16,115,97,15,15,3,4
North America,US,Louisiana,2020-03-17,199,172,26,27,4,6
North America,US,Louisiana,2020-03-18,285,244,38,40,5,9
North America,US,Louisiana,2020-03-19,382,322,50,55,6,12
North America,US,Louisiana,2020-03-20,499,415,65,72,8,15
North America,US,Louisiana,2020-03-21,642,527,83,94,11,20
North America,US,Louisiana,2020-03-22,816,661,104,120,14,25
North America,US,Louisiana,2020-03-23,1020,816,129,150,18,30
North America,US,Louisiana,2020-03-24,1261,996,158,186,23,37
North America,US,Louisiana,2020-03-25,1539,1202,192,228,28,45
North America,US,Louisiana,2020-03-26,1860,1435,230,276,35,53
North America,US,Louisiana,2020-03-27,2227,1698,273,331,43,63
North America,US,Louisiana,2020-03-28,2644,1992,321,394,52,74
North America,US,Louisiana,2020-03-29,3113,2319,375,464,63,86
North America,US,Louisiana,2020-03-30,3638,2677,434,543,75,99
North America,US,Louisiana,2020-03-31,4221,3070,499,630,89,113
North America,US,Louisiana,2020-04-01,4869,3499,570,728,105,129
North America,US,Louisiana,2020-04-02,5581,3964,648,834,123,146
North America,US,Louisiana,2020-04-03,6357,4460,731,951,143,165
North America,US,Louisiana,2020-04-04,7197,4987,820,1077,165,184
North America,US,Louisiana,2020-04-05,8105,5545,914,1213,190,204
North America,US,Louisiana,2020-04-06,9082,6135,1015,1360,217,226
North America,US,Louisiana,2020-04-07,10124,6750,1120,1516,247,248
North America,US,Louisiana,2020-04-08,11227,7384,1229,1681,279,272
North America,US,Louisiana,2020-04-09,12389,8036,1342,1856,313,295
North America,US,Louisiana,2020-04-10,13613,8705,1458,2039,351,320
North America,US,Louisiana,2020-04-11,14895,9387,1578,2231,390,345
North America,US,Louisiana,2020-04-12,16226,10074,1699,2431,433,369
North America,US,Louisiana,2020-04-13,17601,10760,1821,2637,478,394
North America,US,Louisiana,2020-04-14,19017,11441,1943,2850,526,419
North America,US,Louisiana,2020-04-15,20472,12116,2066,3068,576,443
North America,US,Louisiana,2020-04-16,21962,12783,2188,3292,628,467
North America,US,Louisiana,2020-04-17,23477,13432,2308,3519,682,491
North America,US,Louisiana,2020-04-18,25011,14057,2425,3749,739,513
North America,US,Louisiana,2020-04-19,26558,14656,2538,3981,798,535
North America,US,Louisiana,2020-04-20,28115,15225,2648,4215,858,555
North America,US,Louisiana,2020-04-21,29679,15765,2754,4449,920,574
North America,US,Louisiana,2020-04-22,31242,16271,2855,4684,983,592
North America,US,Louisiana,2020-04-23,32798,16738,2950,4917,1048,608
North America,US,Louisiana,2020-04-24,34342,17165,3039,5149,1114,623
North America,US,Louisiana,2020-04-25,35870,17548,3121,5378,1180,636
North America,US,Louisiana,2020-04-26,37377,17887,3197,5604,1248,648
North America,US,Louisiana,2020-04-27,38861,18183,3266,5826,1315,658
North America,US,Louisiana,2020-04-28,40317,18433,3328,6045,1384,666
North America,US,Louisiana,2020-04-29,41740,18635,3382,6258,1452,673
North America,US,Louisiana,2020-04-30,43129,18793,3428,6467,1520,678
North America,US,Louisiana,2020-05-01,44485,18909,3468,6670,1588,681
North America,US,Louisiana,2020-05-02,45802,18982,3500,6868,1656,683
North America,US,Louisiana,2020-05-03,47080,19011,3525,7059,1723,683
North America,US,Louisiana,2020-05-04,48312,18997,3543,7244,1789,682
North America,US,Louisiana,2020-05-05,49498,18936,3552,7422,1855,679
North America,US,Louisiana,2020-05-06,50638,18837,3555,7593,1919,674
North America,US,Louisiana,2020-05-07,51736,18704,3551,7758,1983,668
North America,US,Louisiana,2020-05-08,52791,18539,3542,7916,2045,662
North America,US,Louisiana,2020-05-09,53802,18343,3526,8068,2106,654
North America,US,Louisiana,2020-05-10,54766,18114,3504,8212,2166,645
North America,US,Louisiana,2020-05-11,55680,17851,3476,8349,2224,634
North America,US,Louisiana,2020-05-12,56549,17562,3443,8480,2281,623
North America,US,Louisiana,2020-05-13,57377,17251,3406,8604,2336,611
North America,US,Louisiana,2020-05-14,58164,16923,3364,8722,2390,598
North America,US,Louisiana,2020-05-15,58911,16577,3318,8834,2442,585
North America,US,Louisiana,2020-05-16,59616,16213,3269,8940,2492,571
North America,US,Louisiana,2020-05-17,60277,15829,3215,9039,2540,557
North America,US,Louisiana,2020-05-18,60899,15432,3158,9132,2587,542
North America,US,Louisiana,2020-05-19,61486,15027,3098,9220,2632,526
North America,US,Louisiana,2020-05-20,62039,14616,3037,9303,2676,511
North America,US,Louisiana,2020-05-21,62560,14200,2973,9381,2718,495
North America,US,Louisiana,2020-05-22,63047,13778,2908,9454,2758,480
North America,US,Louisiana,2020-05-23,63499,13350,2841,9522,2796,464
North America,US,Louisiana,2020-05-24,63922,12920,2772,9586,2833,448
North America,US,Louisiana,2020-05-25,64317,12491,2702,9645,2868,432
North America,US,Louisiana,2020-05-26,64687,12065,2633,9700,2902,416
North America,US,Louisiana,2020-05-27,65032,11643,2562,9752,2934,401
North America,US,Louisiana,2020-05-28,65352,11224,2492,9800,2964,385
North America,US,Louisiana,2020-05-29,65648,10808,2421,9845,2993,370
North America,US,Louisiana,2020-05-30,65922,10397,2350,9886,3021,355
North America,US,Louisiana,2020-05-31,66177,9993,2279,9924,3047,340
North America,US,Louisiana,2020-06-01,66413,9598,2209,9959,3072,326
North America,US,Louisiana,2020-06-02,66632,9211,2140,9992,3096,312
North America,US,Louisiana,2020-06-03,66835,8833,2072,10023,3118,298
North America,US,Louisiana,2020-06-04,67020,8463,2004,10050,3139,285
North America,US,Louisiana,2020-06-05,67191,8101,1937,10076,3159,272
North America,US,Louisiana,2020-06-06,67349,7750,1872,10100,3178,259
North America,US,Louisiana,2020-06-07,67494,7409,1808,10121,3196,247
North America,US,Louisiana,2020-06-08,67628,7079,1745,10142,3213,235
North America,US,Louisiana,2020-06-09,67751,6760,1683,10160,3229,224
North America,US,Louisiana,2020-06-10,67864,6450,1622,10177,3244,213
North America,US,Louisiana,2020-06-11,67967,6150,1563,10192,3258,202
North America,US,Louisiana,2020-06-12,68061,5861,1506,10206,3271,192
North America,US,Louisiana,2020-06-13,68147,5583,1450,10219,3284,182
North America,US,Louisiana,2020-06-14,68227,5315,1395,10231,3295,173
North America,US,Louisiana,2020-06-15,68299,5058,1342,10242,3306,164
North America,US,Louisiana,2020-06-16,68365,4811,1290,10252,3317,155
North America,US,Louisiana,2020-06-17,68425,4573,1240,10261,3327,147
North America,US,Louisiana,2020-06-18,68480,4345,1192,10269,3336,139
North America,US,Louisiana,2020-06-19,68530,4127,1145,10277,3344,132
North America,US,Louisiana,2020-06-20,68575,3918,1099,10284,3352,124
North America,US,Louisiana,2020-06-21,68617,3719,1055,10290,3360,118
North America,US,Louisiana,2020-06-22,68655,3528,1013,10296,3367,111
North America,US,Louisiana,2020-06-23,68689,3346,971,10301,3373,105
North America,US,Louisiana,2020-06-24,68720,3171,932,10305,3379,99
North America,US,Louisiana,2020-06-25,68748,3005,893,10309,3385,93
North America,US,Louisiana,2020-06-26,68773,2847,856,10313,3390,88
North America,US,Louisiana,2020-06-27,68796,2697,821,10317,3395,83
North America,US,Louisiana,2020-06-28,68817,2554,787,10320,3400,78
North America,US,Louisiana,2020-06-29,68836,2417,754,10323,3404,73
North America,US,Louisiana,2020-06-30,68853,2288,722,10325,3408,69
North America,US,Louisiana,2020-07-01,68869,2164,691,10328,3412,65
North America,US,Louisiana,2020-07-02,68882,2047,662,10330,3415,61
North America,US,Louisiana,2020-07-03,68895,1936,634,10332,3419,57
North America,US,Louisiana,2020-07-04,68906,1831,606,10333,3422,54
North America,US,Louisiana,2020-07-05,68917,1731,580,10335,3425,51
North America,US,Louisiana,2020-07-06,68926,1636,555,10336,3427,48
North America,US,Louisiana,2020-07-07,68934,1546,531,10337,3430,45
North America,US,Louisiana,2020-07-08,68942,1461,508,10339,3432,42
North America,US,Louisiana,2020-07-09,68948,1380,486,10340,3434,39
North America,US,Louisiana,2020-07-10,68954,1304,465,10340,3436,37
North America,US,Louisiana,2020-07-11,68960,1232,445,10341,3438,35
North America,US,Louisiana,2020-07-12,68965,1163,425,10342,3439,33
North America,US,Louisiana,2020-07-13,68969,1099,407,10343,3441,31
North America,US,Louisiana,2020-07-14,68973,1037,389,10343,3442,29
North America,US,Louisiana,2020-07-15,68976,980,372,10344,3444,27
North America,US,Louisiana,2020-07-16,68979,925,355,10344,3445,25
North America,US,Louisiana,2020-07-17,68982,873,339,10345,3446,24
North America,US,Louisiana,2020-07-18,68985,824,324,10345,3447,22
North America,US,Louisiana,2020-07-19,68987,778,310,10345,3448,21
North America,US,Louisiana,2020-07-20,68989,735,296,10346,3449,19
North America,US,Louisiana,2020-07-21,68991,694,283,10346,3450,18
North America,US,Louisiana,2020-07-22,68992,655,270,10346,3451,17
North America,US,Louisiana,2020-07-23,68994,618,258,10346,3452,16
North America,US,Louisiana,2020-07-24,68995,583,247,10347,3452,15
North America,US,Louisiana,2020-07-25,68996,551,236,10347,3453,14
North America,US,Louisiana,2020-07-26,68997,520,225,10347,3453,13
North America,US,Louisiana,2020-07-27,68998,491,215,10347,3454,12
North America,US,Louisiana,2020-07-28,68999,463,206,10347,3455,11
North America,US,Louisiana,2020-07-29,69000,437,196,10347,3455,11
North America,US,Louisiana,2020-07-30,69000,413,188,10347,3455,10
North America,US,Louisiana,2020-07-31,69001,390,179,10347,3456,9
North America,US,Louisiana,2020-08-01,69002,368,171,10348,3456,9
North America,US,Louisiana,2020-08-02,69002,347,163,10348,3457,8
North America,US,Louisiana,2020-08-03,69002,328,156,10348,3457,8
North America,US,Louisiana,2020-08-04,69003,310,149,10348,3457,7
North America,US,Louisiana,2020-08-05,69003,293,142,10348,3457,7
North America,US,Louisiana,2020-08-06,69003,276,136,10348,3458,6
North America,US,Louisiana,2020-08-07,69004,261,130,10348,3458,6
North America,US,Louisiana,2020-08-08,69004,247,124,10348,3458,5
North America,US,Louisiana,2020-08-09,69004,233,118,10348,3458,5
North America,US,Louisiana,2020-08-10,69004,220,113,10348,3458,5
North America,US,Louisiana,2020-08-11,69004,208,108,10348,3459,4
North America,US,Louisiana,2020-08-12,69004,196,103,10348,3459,4
North America,US,Louisiana,2020-08-13,69005,186,99,10348,3459,4
North America,US,Louisiana,2020-08-14,69005,175,94,10348,3459,4
North America,US,Louisiana,2020-08-15,69005,166,90,10348,3459,3
North America,US,Louisiana,2020-08-16,69005,157,86,10348,3459,3
North America,US,Louisiana,2020-08-17,69005,148,82,10348,3459,3
North America,US,Louisiana,2020-08-18,69005,140,78,10348,3460,3
North America,US,Louisiana,2020-08-19,69005,132,75,10348,3460,3
North America,US,Louisiana,2020-08-20,69005,125,71,10348,3460,2
North America,US,Louisiana,2020-08-21,69005,118,68,10348,3460,2
North America,US,Louisiana,2020-08-22,69005,112,65,10348,3460,2
North America,US,Louisiana,2020-08-23,69005,106,62,10348,3460,2
North America,US,Louisiana,2020-08-24,69005,100,59,10348,3460,2
North America,US,Louisiana,2020-08-25,69005,95,57,10348,3460,2
North America,US,Louisiana,2020-08-26,69005,90,54,10348,3460,2
North America,US,Louisiana,2020-08-27,69005,85,52,10348,3460,1
North America,US,Louisiana,2020-08-28,69005,80,49,10348,3460,1
North America,US,Louisiana,2020-08-29,69005,76,47,10348,3460,1
North America,US,Louisiana,2020-08-30,69005,72,45,10348,3460,1
North America,US,Louisiana,2020-08-31,69005,68,43,10348,3460,1
North America,US,Louisiana,2020-09-01,69005,65,41,10348,3460,1
North America,US,Maine,2020-03-23,107,107,16,16,0,4
North America,US,Maine,2020-03-24,125,117,18,19,0,4
North America,US,Maine,2020-03-25,140,125,19,21,1,5
North America,US,Maine,2020-03-26,156,133,21,23,1,5
North America,US,Maine,2020-03-27,173,141,22,26,1,5
North America,US,Maine,2020-03-28,192,150,24,29,1,6
North America,US,Maine,2020-03-29,213,161,26,32,2,6
North America,US,Maine,2020-03-30,236,173,28,35,2,6
North America,US,Maine,2020-03-31,261,186,31,39,3,7
North America,US,Maine,2020-04-01,289,202,33,43,3,7
North America,US,Maine,2020-04-02,319,219,36,48,3,8
North America,US,Maine,2020-04-03,353,237,40,53,4,9
North America,US,Maine,2020-04-04,389,257,43,58,5,9
North America,US,Maine,2020-04-05,428,279,47,64,5,10
North America,US,Maine,2020-04-06,469,301,51,70,6,11
North America,US,Maine,2020-04-07,513,325,55,77,6,12
North America,US,Maine,2020-04-08,560,350,59,84,7,13
North America,US,Maine,2020-04-09,610,376,64,91,8,14
North America,US,Maine,2020-04-10,662,403,69,99,9,15
North America,US,Maine,2020-04-11,716,430,73,107,10,16
North America,US,Maine,2020-04-12,772,458,78,116,11,17
North America,US,Maine,2020-04-13,831,486,83,125,12,18
North America,US,Maine,2020-04-14,891,514,88,134,13,19
North America,US,Maine,2020-04-15,953,542,94,143,14,20
North America,US,Maine,2020-04-16,1016,569,99,152,16,21
North America,US,Maine,2020-04-17,1081,596,104,162,17,22
North America,US,Maine,2020-04-18,1146,621,108,172,18,23
North America,US,Maine,2020-04-19,1212,647,113,182,20,24
North America,US,Maine,2020-04-20,1279,671,118,192,21,24
North America,US,Maine,2020-04-21,1346,694,122,202,23,25
North America,US,Maine,2020-04-22,1413,715,127,212,24,26
North America,US,Maine,2020-04-23,1480,735,131,222,26,27
North America,US,Maine,2020-04-24,1546,754,134,232,28,27
North America,US,Maine,2020-04-25,1612,770,138,242,29,28
North America,US,Maine,2020-04-26,1678,785,141,252,31,28
North America,US,Maine,2020-04-27,1742,799,144,261,33,29
North America,US,Maine,2020-04-28,1805,810,147,271,35,29
North America,US,Maine,2020-04-29,1868,820,150,280,37,30
North America,US,Maine,2020-04-30,1929,828,152,289,39,30
North America,US,Maine,2020-05-01,1988,834,154,298,41,30
North America,US,Maine,2020-05-02,2046,838,155,307,42,30
North America,US,Maine,2020-05-03,2103,841,156,315,44,30
North America,US,Maine,2020-05-04,2158,841,157,324,46,30
North America,US,Maine,2020-05-05,2210,840,158,332,48,30
North America,US,Maine,2020-05-06,2262,837,158,339,50,30
North America,US,Maine,2020-05-07,2311,833,158,347,52,30
North America,US,Maine,2020-05-08,2359,827,158,354,54,30
North America,US,Maine,2020-05-09,2404,820,158,361,56,29
North America,US,Maine,2020-05-10,2448,811,157,367,58,29
North America,US,Maine,2020-05-11,2490,801,156,373,60,28
North America,US,Maine,2020-05-12,2529,790,155,379,62,28
North America,US,Maine,2020-05-13,2568,778,153,385,64,28
North America,US,Maine,2020-05-14,2604,765,152,391,65,27
North America,US,Maine,2020-05-15,2638,750,150,396,67,27
North America,US,Maine,2020-05-16,2671,735,148,401,69,26
North America,US,Maine,2020-05-17,2702,720,146,405,71,25
North America,US,Maine,2020-05-18,2731,703,143,410,72,25
North America,US,Maine,2020-05-19,2759,687,141,414,74,24
North America,US,Maine,2020-05-20,2785,670,138,418,76,23
North America,US,Maine,2020-05-21,2810,652,136,421,77,23
North America,US,Maine,2020-05-22,2833,634,133,425,79,22
North America,US,Maine,2020-05-23,2854,616,130,428,80,21
North America,US,Maine,2020-05-24,2875,597,127,431,82,21
North America,US,Maine,2020-05-25,2894,579,124,434,83,20
North America,US,Maine,2020-05-26,2912,561,121,437,85,19
North America,US,Maine,2020-05-27,2928,542,118,439,86,19
North America,US,Maine,2020-05-28,2944,524,115,442,87,18
North America,US,Maine,2020-05-29,2958,506,112,444,89,17
North America,US,Maine,2020-05-30,2972,488,109,446,90,17
North America,US,Maine,2020-05-31,2984,470,106,448,91,16
North America,US,Maine,2020-06-01,2996,452,103,449,92,15
North America,US,Maine,2020-06-02,3007,435,100,451,93,15
North America,US,Maine,2020-06-03,3017,418,97,453,94,14
North America,US,Maine,2020-06-04,3026,401,94,454,95,14
North America,US,Maine,2020-06-05,3035,385,91,455,96,13
North America,US,Maine,2020-06-06,3043,369,88,456,97,12
North America,US,Maine,2020-06-07,3050,354,85,458,98,12
North America,US,Maine,2020-06-08,3057,339,82,459,99,11
North America,US,Maine,2020-06-09,3063,324,79,460,100,11
North America,US,Maine,2020-06-10,3069,310,76,460,101,10
North America,US,Maine,2020-06-11,3074,296,74,461,102,10
North America,US,Maine,2020-06-12,3079,283,71,462,103,9
North America,US,Maine,2020-06-13,3084,270,68,463,103,9
North America,US,Maine,2020-06-14,3088,258,66,463,104,8
North America,US,Maine,2020-06-15,3092,246,64,464,105,8
North America,US,Maine,2020-06-16,3095,234,61,464,105,8
North America,US,Maine,2020-06-17,3098,223,59,465,106,7
North America,US,Maine,2020-06-18,3101,212,57,465,107,7
North America,US,Maine,2020-06-19,3104,202,54,466,107,7
North America,US,Maine,2020-06-20,3106,192,52,466,108,6
North America,US,Maine,2020-06-21,3108,183,50,466,108,6
North America,US,Maine,2020-06-22,3110,174,48,467,109,6
North America,US,Maine,2020-06-23,3112,165,46,467,109,5
North America,US,Maine,2020-06-24,3114,157,45,467,110,5
North America,US,Maine,2020-06-25,3115,149,43,467,110,5
North America,US,Maine,2020-06-26,3117,141,41,468,111,4
North America,US,Maine,2020-06-27,3118,134,39,468,111,4
North America,US,Maine,2020-06-28,3119,127,38,468,111,4
North America,US,Maine,2020-06-29,3120,120,36,468,112,4
North America,US,Maine,2020-06-30,3121,114,35,468,112,4
North America,US,Maine,2020-07-01,3122,108,33,468,112,3
North America,US,Maine,2020-07-02,3123,102,32,468,113,3
North America,US,Maine,2020-07-03,3124,97,30,469,113,3
North America,US,Maine,2020-07-04,3124,92,29,469,113,3
North America,US,Maine,2020-07-05,3125,87,28,469,114,3
North America,US,Maine,2020-07-06,3125,82,27,469,114,2
North America,US,Maine,2020-07-07,3126,78,26,469,114,2
North America,US,Maine,2020-07-08,3126,74,25,469,114,2
North America,US,Maine,2020-07-09,3127,70,23,469,114,2
North America,US,Maine,2020-07-10,3127,66,22,469,115,2
North America,US,Maine,2020-07-11,3127,62,21,469,115,2
North America,US,Maine,2020-07-12,3127,59,21,469,115,2
North America,US,Maine,2020-07-13,3128,56,20,469,115,2
North America,US,Maine,2020-07-14,3128,53,19,469,115,1
North America,US,Maine,2020-07-15,3128,50,18,469,116,1
North America,US,Maine,2020-07-16,3128,47,17,469,116,1
North America,US,Maine,2020-07-17,3128,45,16,469,116,1
North America,US,Maine,2020-07-18,3129,42,16,469,116,1
North America,US,Maine,2020-07-19,3129,40,15,469,116,1
North America,US,Maine,2020-07-20,3129,38,14,469,116,1
North America,US,Maine,2020-07-21,3129,36,14,469,116,1
North America,US,Maine,2020-07-22,3129,34,13,469,117,1
North America,US,Maine,2020-07-23,3129,32,13,469,117,1
North America,US,Maine,2020-07-24,3129,30,12,469,117,1
North America,US,Maine,2020-07-25,3129,28,11,469,117,1
North America,US,Maine,2020-07-26,3129,27,11,469,117,1
North America,US,Maine,2020-07-27,3129,25,10,469,117,1
North America,US,Maine,2020-07-28,3129,24,10,469,117,1
North America,US,Maine,2020-07-29,3130,23,10,469,117,1
North America,US,Maine,2020-07-30,3130,21,9,469,117,1
North America,US,Maine,2020-07-31,3130,20,9,469,117,1
North America,US,Maine,2020-08-01,3130,19,8,469,117,0
North America,US,Maine,2020-08-02,3130,18,8,469,118,0
North America,US,Maine,2020-08-03,3130,17,8,469,118,0
North America,US,Maine,2020-08-04,3130,16,7,469,118,0
North America,US,Maine,2020-08-05,3130,15,7,469,118,0
North America,US,Maine,2020-08-06,3130,14,7,469,118,0
North America,US,Maine,2020-08-07,3130,14,6,469,118,0
North America,US,Maine,2020-08-08,3130,13,6,469,118,0
North America,US,Maine,2020-08-09,3130,12,6,469,118,0
North America,US,Maine,2020-08-10,3130,11,5,469,118,0
North America,US,Maine,2020-08-11,3130,11,5,469,118,0
North America,US,Maine,2020-08-12,3130,10,5,469,118,0
North America,US,Maine,2020-08-13,3130,10,5,469,118,0
North America,US,Maine,2020-08-14,3130,9,5,469,118,0
North America,US,Maine,2020-08-15,3130,9,4,469,118,0
North America,US,Maine,2020-08-16,3130,8,4,469,118,0
North America,US,Maine,2020-08-17,3130,8,4,469,118,0
North America,US,Maine,2020-08-18,3130,7,4,469,118,0
North America,US,Maine,2020-08-19,3130,7,4,469,118,0
North America,US,Maine,2020-08-20,3130,7,3,469,118,0
North America,US,Maine,2020-08-21,3130,6,3,469,118,0
North America,US,Maine,2020-08-22,3130,6,3,469,118,0
North America,US,Maine,2020-08-23,3130,6,3,469,118,0
North America,US,Maine,2020-08-24,3130,5,3,469,118,0
North America,US,Maine,2020-08-25,3130,5,3,469,118,0
North America,US,Maine,2020-08-26,3130,5,3,469,118,0
North America,US,Maine,2020-08-27,3130,4,3,469,118,0
North America,US,Maine,2020-08-28,3130,4,2,469,118,0
North America,US,Maine,2020-08-29,3130,4,2,469,118,0
North America,US,Maine,2020-08-30,3130,4,2,469,118,0
North America,US,Maine,2020-08-31,3130,4,2,469,119,0
North America,US,Maine,2020-09-01,3130,3,2,469,119,0
North America,US,Maryland,2020-03-19,107,101,15,15,1,4
North America,US,Maryland,2020-03-20,140,127,19,20,2,5
North America,US,Maryland,2020-03-21,178,156,24,26,2,6
North America,US,Maryland,2020-03-22,224,190,30,33,3,7
North America,US,Maryland,2020-03-23,280,232,36,41,4,9
North America,US,Maryland,2020-03-24,348,283,45,51,6,11
North America,US,Maryland,2020-03-25,431,345,55,64,7,13
North America,US,Maryland,2020-03-26,530,419,67,79,9,16
North America,US,Maryland,2020-03-27,649,507,81,96,12,19
North America,US,Maryland,2020-03-28,789,611,98,117,14,23
North America,US,Maryland,2020-03-29,956,733,118,142,18,27
North America,US,Maryland,2020-03-30,1150,875,141,172,22,32
North America,US,Maryland,2020-03-31,1376,1037,167,205,27,38
North America,US,Maryland,2020-04-01,1636,1223,197,244,32,45
North America,US,Maryland,2020-04-02,1935,1434,232,289,38,53
North America,US,Maryland,2020-04-03,2276,1673,271,340,46,62
North America,US,Maryland,2020-04-04,2659,1938,315,398,54,72
North America,US,Maryland,2020-04-05,3090,2231,363,463,64,82
North America,US,Maryland,2020-04-06,3572,2555,417,535,75,94
North America,US,Maryland,2020-04-07,4107,2910,476,615,88,107
North America,US,Maryland,2020-04-08,4696,3295,540,703,102,122
North America,US,Maryland,2020-04-09,5339,3708,609,800,118,137
North America,US,Maryland,2020-04-10,6041,4150,684,905,135,153
North America,US,Maryland,2020-04-11,6804,4625,764,1020,155,170
North America,US,Maryland,2020-04-12,7626,5125,848,1143,176,189
North America,US,Maryland,2020-04-13,8504,5649,938,1275,199,208
North America,US,Maryland,2020-04-14,9440,6195,1031,1415,225,228
North America,US,Maryland,2020-04-15,10435,6763,1129,1564,252,249
North America,US,Maryland,2020-04-16,11489,7353,1231,1722,282,270
North America,US,Maryland,2020-04-17,12596,7956,1336,1888,314,292
North America,US,Maryland,2020-04-18,13752,8568,1443,2062,348,314
North America,US,Maryland,2020-04-19,14955,9188,1553,2242,384,337
North America,US,Maryland,2020-04-20,16206,9814,1664,2430,423,360
North America,US,Maryland,2020-04-21,17503,10445,1777,2625,464,382
North America,US,Maryland,2020-04-22,18838,11073,1890,2825,506,405
North America,US,Maryland,2020-04-23,20205,11692,2003,3030,551,427
North America,US,Maryland,2020-04-24,21601,12299,2114,3239,598,449
North America,US,Maryland,2020-04-25,23022,12893,2225,3452,647,471
North America,US,Maryland,2020-04-26,24469,13474,2334,3669,697,491
North America,US,Maryland,2020-04-27,25934,14036,2440,3889,749,512
North America,US,Maryland,2020-04-28,27411,14575,2544,4111,803,531
North America,US,Maryland,2020-04-29,28894,15085,2643,4333,858,549
North America,US,Maryland,2020-04-30,30378,15564,2739,4556,914,566
North America,US,Maryland,2020-05-01,31863,16012,2829,4778,972,582
North America,US,Maryland,2020-05-02,33345,16431,2916,5001,1030,596
North America,US,Maryland,2020-05-03,34819,16816,2997,5222,1090,610
North America,US,Maryland,2020-05-04,36281,17165,3073,5441,1150,622
North America,US,Maryland,2020-05-05,37725,17475,3143,5658,1211,632
North America,US,Maryland,2020-05-06,39149,17746,3206,5871,1272,641
North America,US,Maryland,2020-05-07,40549,17977,3263,6082,1334,649
North America,US,Maryland,2020-05-08,41925,18170,3314,6288,1395,655
North America,US,Maryland,2020-05-09,43273,18325,3359,6490,1457,660
North America,US,Maryland,2020-05-10,44589,18439,3397,6687,1518,664
North America,US,Maryland,2020-05-11,45872,18514,3428,6880,1580,666
North America,US,Maryland,2020-05-12,47123,18553,3454,7067,1641,666
North America,US,Maryland,2020-05-13,48339,18558,3473,7250,1701,666
North America,US,Maryland,2020-05-14,49519,18528,3486,7427,1761,664
North America,US,Maryland,2020-05-15,50662,18465,3493,7598,1820,661
North America,US,Maryland,2020-05-16,51763,18366,3493,7764,1878,656
North America,US,Maryland,2020-05-17,52821,18230,3488,7922,1935,650
North America,US,Maryland,2020-05-18,53837,18064,3476,8075,1992,644
North America,US,Maryland,2020-05-19,54816,17872,3460,8222,2047,636
North America,US,Maryland,2020-05-20,55757,17657,3439,8363,2101,627
North America,US,Maryland,2020-05-21,56660,17419,3413,8498,2154,618
North America,US,Maryland,2020-05-22,57521,17156,3382,8627,2206,608
North America,US,Maryland,2020-05-23,58340,16869,3347,8750,2256,597
North America,US,Maryland,2020-05-24,59119,16562,3307,8867,2306,585
North America,US,Maryland,2020-05-25,59863,16240,3264,8979,2353,572
North America,US,Maryland,2020-05-26,60571,15905,3218,9085,2400,560
North America,US,Maryland,2020-05-27,61244,15557,3169,9186,2445,547
North America,US,Maryland,2020-05-28,61881,15197,3117,9281,2488,533
North America,US,Maryland,2020-05-29,62480,14824,3062,9371,2531,519
North America,US,Maryland,2020-05-30,63046,14442,3005,9456,2571,505
North America,US,Maryland,2020-05-31,63582,14055,2945,9536,2611,490
North America,US,Maryland,2020-06-01,64088,13665,2885,9612,2649,476
North America,US,Maryland,2020-06-02,64567,13272,2822,9684,2685,461
North America,US,Maryland,2020-06-03,65016,12877,2759,9751,2720,446
North America,US,Maryland,2020-06-04,65435,12477,2694,9814,2754,432
North America,US,Maryland,2020-06-05,65827,12077,2628,9873,2787,417
North America,US,Maryland,2020-06-06,66195,11679,2562,9928,2818,402
North America,US,Maryland,2020-06-07,66542,11285,2495,9980,2847,388
North America,US,Maryland,2020-06-08,66866,10896,2429,10029,2876,374
North America,US,Maryland,2020-06-09,67170,10511,2362,10075,2903,360
North America,US,Maryland,2020-06-10,67452,10129,2295,10117,2929,346
North America,US,Maryland,2020-06-11,67713,9751,2229,10156,2954,332
North America,US,Maryland,2020-06-12,67956,9380,2162,10193,2978,318
North America,US,Maryland,2020-06-13,68184,9017,2097,10227,3001,305
North America,US,Maryland,2020-06-14,68396,8663,2032,10258,3022,293
North America,US,Maryland,2020-06-15,68593,8316,1968,10288,3043,280
North America,US,Maryland,2020-06-16,68775,7977,1905,10315,3062,268
North America,US,Maryland,2020-06-17,68943,7645,1843,10341,3081,256
North America,US,Maryland,2020-06-18,69099,7322,1781,10364,3098,244
North America,US,Maryland,2020-06-19,69243,7009,1721,10386,3115,233
North America,US,Maryland,2020-06-20,69377,6705,1662,10406,3131,222
North America,US,Maryland,2020-06-21,69501,6411,1605,10424,3146,212
North America,US,Maryland,2020-06-22,69615,6126,1548,10441,3160,202
North America,US,Maryland,2020-06-23,69720,5850,1493,10457,3174,192
North America,US,Maryland,2020-06-24,69816,5582,1439,10472,3186,183
North America,US,Maryland,2020-06-25,69905,5325,1386,10485,3198,174
North America,US,Maryland,2020-06-26,69987,5077,1335,10497,3210,165
North America,US,Maryland,2020-06-27,70063,4838,1285,10509,3220,157
North America,US,Maryland,2020-06-28,70132,4609,1237,10519,3231,149
North America,US,Maryland,2020-06-29,70195,4387,1190,10528,3240,141
North America,US,Maryland,2020-06-30,70253,4175,1144,10537,3249,134
North America,US,Maryland,2020-07-01,70307,3971,1100,10545,3258,127
North America,US,Maryland,2020-07-02,70355,3776,1057,10552,3266,120
North America,US,Maryland,2020-07-03,70400,3589,1015,10559,3273,114
North America,US,Maryland,2020-07-04,70441,3410,975,10565,3280,107
North America,US,Maryland,2020-07-05,70479,3238,936,10571,3287,102
North America,US,Maryland,2020-07-06,70513,3074,899,10576,3293,96
North America,US,Maryland,2020-07-07,70544,2917,862,10581,3299,91
North America,US,Maryland,2020-07-08,70572,2768,827,10585,3305,86
North America,US,Maryland,2020-07-09,70598,2625,793,10589,3310,81
North America,US,Maryland,2020-07-10,70622,2489,761,10592,3315,76
North America,US,Maryland,2020-07-11,70643,2359,729,10596,3320,72
North America,US,Maryland,2020-07-12,70663,2236,699,10599,3324,68
North America,US,Maryland,2020-07-13,70680,2118,670,10601,3328,64
North America,US,Maryland,2020-07-14,70697,2006,642,10604,3332,60
North America,US,Maryland,2020-07-15,70711,1900,615,10606,3336,57
North America,US,Maryland,2020-07-16,70725,1799,589,10608,3339,53
North America,US,Maryland,2020-07-17,70737,1702,564,10610,3342,50
North America,US,Maryland,2020-07-18,70748,1611,540,10611,3345,47
North America,US,Maryland,2020-07-19,70758,1524,517,10613,3348,44
North America,US,Maryland,2020-07-20,70767,1442,494,10614,3350,42
North America,US,Maryland,2020-07-21,70775,1364,473,10615,3353,39
North America,US,Maryland,2020-07-22,70782,1290,453,10616,3355,37
North America,US,Maryland,2020-07-23,70789,1220,433,10617,3357,35
North America,US,Maryland,2020-07-24,70795,1153,414,10618,3359,33
North America,US,Maryland,2020-07-25,70800,1090,396,10619,3361,31
North America,US,Maryland,2020-07-26,70805,1030,379,10620,3363,29
North America,US,Maryland,2020-07-27,70810,974,363,10621,3364,27
North America,US,Maryland,2020-07-28,70814,920,347,10621,3366,25
North America,US,Maryland,2020-07-29,70817,869,332,10622,3367,24
North America,US,Maryland,2020-07-30,70820,821,317,10622,3368,22
North America,US,Maryland,2020-07-31,70823,776,303,10623,3370,21
North America,US,Maryland,2020-08-01,70826,733,290,10623,3371,20
North America,US,Maryland,2020-08-02,70828,693,277,10623,3372,18
North America,US,Maryland,2020-08-03,70831,654,265,10624,3373,17
North America,US,Maryland,2020-08-04,70832,618,253,10624,3374,16
North America,US,Maryland,2020-08-05,70834,584,242,10624,3375,15
North America,US,Maryland,2020-08-06,70836,551,231,10624,3376,14
North America,US,Maryland,2020-08-07,70837,521,221,10625,3376,13
North America,US,Maryland,2020-08-08,70838,492,211,10625,3377,12
North America,US,Maryland,2020-08-09,70839,464,201,10625,3378,12
North America,US,Maryland,2020-08-10,70840,439,192,10625,3378,11
North America,US,Maryland,2020-08-11,70841,414,184,10625,3379,10
North America,US,Maryland,2020-08-12,70842,391,176,10625,3379,10
North America,US,Maryland,2020-08-13,70843,370,168,10626,3380,9
North America,US,Maryland,2020-08-14,70844,349,160,10626,3380,8
North America,US,Maryland,2020-08-15,70844,330,153,10626,3381,8
North America,US,Maryland,2020-08-16,70845,311,146,10626,3381,7
North America,US,Maryland,2020-08-17,70845,294,140,10626,3382,7
North America,US,Maryland,2020-08-18,70846,278,133,10626,3382,6
North America,US,Maryland,2020-08-19,70846,263,127,10626,3382,6
North America,US,Maryland,2020-08-20,70846,248,122,10626,3383,6
North America,US,Maryland,2020-08-21,70847,234,116,10626,3383,5
North America,US,Maryland,2020-08-22,70847,221,111,10626,3383,5
North America,US,Maryland,2020-08-23,70847,209,106,10626,3383,5
North America,US,Maryland,2020-08-24,70847,198,101,10626,3384,4
North America,US,Maryland,2020-08-25,70847,187,97,10626,3384,4
North America,US,Maryland,2020-08-26,70848,177,92,10626,3384,4
North America,US,Maryland,2020-08-27,70848,167,88,10626,3384,3
North America,US,Maryland,2020-08-28,70848,158,84,10626,3384,3
North America,US,Maryland,2020-08-29,70848,149,80,10626,3385,3
North America,US,Maryland,2020-08-30,70848,141,77,10626,3385,3
North America,US,Maryland,2020-08-31,70848,133,73,10626,3385,3
North America,US,Maryland,2020-09-01,70848,126,70,10626,3385,2
North America,US,Massachusetts,2020-03-10,110,110,16,16,0,4
North America,US,Massachusetts,2020-03-11,159,150,23,24,1,6
North America,US,Massachusetts,2020-03-12,213,193,30,32,2,7
North America,US,Massachusetts,2020-03-13,276,242,38,41,3,9
North America,US,Massachusetts,2020-03-14,353,302,47,53,5,11
North America,US,Massachusetts,2020-03-15,447,374,59,67,7,14
North America,US,Massachusetts,2020-03-16,562,461,73,84,10,17
North America,US,Massachusetts,2020-03-17,700,566,90,105,14,21
North America,US,Massachusetts,2020-03-18,866,691,110,130,18,26
North America,US,Massachusetts,2020-03-19,1065,840,134,160,23,31
North America,US,Massachusetts,2020-03-20,1300,1015,162,195,29,38
North America,US,Massachusetts,2020-03-21,1577,1218,195,237,36,45
North America,US,Massachusetts,2020-03-22,1900,1454,233,285,44,54
North America,US,Massachusetts,2020-03-23,2276,1726,277,341,54,64
North America,US,Massachusetts,2020-03-24,2709,2036,328,406,66,75
North America,US,Massachusetts,2020-03-25,3202,2386,385,480,80,88
North America,US,Massachusetts,2020-03-26,3763,2778,449,564,96,103
North America,US,Massachusetts,2020-03-27,4399,3218,521,660,115,119
North America,US,Massachusetts,2020-03-28,5112,3705,601,767,137,137
North America,US,Massachusetts,2020-03-29,5903,4237,689,885,161,157
North America,US,Massachusetts,2020-03-30,6778,4817,785,1017,189,178
North America,US,Massachusetts,2020-03-31,7744,5448,890,1162,220,201
North America,US,Massachusetts,2020-04-01,8802,6128,1004,1320,256,226
North America,US,Massachusetts,2020-04-02,9950,6852,1125,1492,295,253
North America,US,Massachusetts,2020-04-03,11188,7618,1254,1678,339,281
North America,US,Massachusetts,2020-04-04,12520,8426,1391,1878,387,310
North America,US,Massachusetts,2020-04-05,13949,9277,1536,2092,440,342
North America,US,Massachusetts,2020-04-06,15469,10163,1687,2320,498,374
North America,US,Massachusetts,2020-04-07,17074,11076,1843,2561,560,407
North America,US,Massachusetts,2020-04-08,18763,12011,2005,2814,629,441
North America,US,Massachusetts,2020-04-09,20535,12968,2171,3080,702,476
North America,US,Massachusetts,2020-04-10,22390,13945,2342,3359,780,512
North America,US,Massachusetts,2020-04-11,24317,14931,2516,3648,864,548
North America,US,Massachusetts,2020-04-12,26307,15916,2690,3946,954,583
North America,US,Massachusetts,2020-04-13,28355,16893,2865,4253,1048,619
North America,US,Massachusetts,2020-04-14,30458,17862,3040,4569,1148,654
North America,US,Massachusetts,2020-04-15,32613,18822,3214,4892,1252,689
North America,US,Massachusetts,2020-04-16,34810,19762,3387,5221,1362,722
North America,US,Massachusetts,2020-04-17,37037,20673,3556,5556,1476,755
North America,US,Massachusetts,2020-04-18,39287,21547,3720,5893,1595,786
North America,US,Massachusetts,2020-04-19,41553,22381,3879,6233,1718,816
North America,US,Massachusetts,2020-04-20,43831,23176,4033,6575,1845,845
North America,US,Massachusetts,2020-04-21,46117,23929,4181,6918,1976,871
North America,US,Massachusetts,2020-04-22,48401,24632,4321,7260,2111,896
North America,US,Massachusetts,2020-04-23,50673,25281,4454,7601,2248,919
North America,US,Massachusetts,2020-04-24,52927,25871,4577,7939,2388,939
North America,US,Massachusetts,2020-04-25,55157,26401,4692,8274,2531,958
North America,US,Massachusetts,2020-04-26,57358,26870,4797,8604,2676,974
North America,US,Massachusetts,2020-04-27,59528,27280,4892,8929,2822,988
North America,US,Massachusetts,2020-04-28,61659,27625,4978,9249,2970,999
North America,US,Massachusetts,2020-04-29,63744,27905,5052,9562,3119,1008
North America,US,Massachusetts,2020-04-30,65784,28125,5117,9868,3269,1015
North America,US,Massachusetts,2020-05-01,67777,28286,5172,10167,3419,1020
North America,US,Massachusetts,2020-05-02,69721,28391,5217,10458,3569,1022
North America,US,Massachusetts,2020-05-03,71611,28439,5253,10742,3719,1023
North America,US,Massachusetts,2020-05-04,73442,28428,5278,11016,3868,1021
North America,US,Massachusetts,2020-05-05,75209,28354,5293,11281,4017,1017
North America,US,Massachusetts,2020-05-06,76905,28217,5297,11536,4164,1011
North America,US,Massachusetts,2020-05-07,78539,28028,5291,11781,4310,1003
North America,US,Massachusetts,2020-05-08,80114,27795,5277,12017,4455,993
North America,US,Massachusetts,2020-05-09,81630,27521,5255,12245,4597,982
North America,US,Massachusetts,2020-05-10,83084,27205,5226,12463,4737,970
North America,US,Massachusetts,2020-05-11,84471,26843,5187,12671,4875,955
North America,US,Massachusetts,2020-05-12,85791,26441,5141,12869,5011,940
North America,US,Massachusetts,2020-05-13,87051,26005,5088,13058,5144,923
North America,US,Massachusetts,2020-05-14,88252,25541,5029,13238,5274,905
North America,US,Massachusetts,2020-05-15,89396,25052,4965,13409,5402,886
North America,US,Massachusetts,2020-05-16,90481,24536,4895,13572,5526,867
North America,US,Massachusetts,2020-05-17,91505,23994,4819,13726,5647,846
North America,US,Massachusetts,2020-05-18,92472,23432,4738,13871,5765,825
North America,US,Massachusetts,2020-05-19,93388,22856,4654,14008,5880,803
North America,US,Massachusetts,2020-05-20,94254,22269,4566,14138,5991,781
North America,US,Massachusetts,2020-05-21,95072,21673,4476,14261,6100,759
North America,US,Massachusetts,2020-05-22,95842,21068,4382,14376,6204,736
North America,US,Massachusetts,2020-05-23,96562,20453,4286,14484,6306,713
North America,US,Massachusetts,2020-05-24,97235,19830,4187,14585,6404,690
North America,US,Massachusetts,2020-05-25,97867,19207,4086,14680,6499,667
North America,US,Massachusetts,2020-05-26,98461,18588,3985,14769,6590,644
North America,US,Massachusetts,2020-05-27,99018,17973,3883,14853,6678,622
North America,US,Massachusetts,2020-05-28,99541,17362,3781,14931,6763,599
North America,US,Massachusetts,2020-05-29,100026,16755,3678,15004,6845,577
North America,US,Massachusetts,2020-05-30,100475,16150,3575,15071,6923,555
North America,US,Massachusetts,2020-05-31,100893,15553,3472,15134,6999,533
North America,US,Massachusetts,2020-06-01,101282,14966,3369,15192,7071,512
North America,US,Massachusetts,2020-06-02,101646,14392,3268,15247,7140,491
North America,US,Massachusetts,2020-06-03,101985,13830,3167,15298,7207,470
North America,US,Massachusetts,2020-06-04,102299,13279,3067,15345,7271,450
North America,US,Massachusetts,2020-06-05,102588,12737,2969,15388,7331,431
North America,US,Massachusetts,2020-06-06,102854,12209,2871,15428,7390,412
North America,US,Massachusetts,2020-06-07,103102,11695,2776,15465,7445,393
North America,US,Massachusetts,2020-06-08,103331,11196,2682,15500,7498,376
North America,US,Massachusetts,2020-06-09,103543,10712,2590,15531,7549,358
North America,US,Massachusetts,2020-06-10,103739,10242,2500,15561,7597,342
North America,US,Massachusetts,2020-06-11,103918,9785,2411,15588,7643,325
North America,US,Massachusetts,2020-06-12,104082,9343,2325,15612,7687,310
North America,US,Massachusetts,2020-06-13,104234,8916,2240,15635,7729,295
North America,US,Massachusetts,2020-06-14,104374,8505,2158,15656,7768,280
North America,US,Massachusetts,2020-06-15,104503,8109,2078,15675,7806,266
North America,US,Massachusetts,2020-06-16,104621,7727,2000,15693,7842,253
North America,US,Massachusetts,2020-06-17,104729,7358,1924,15709,7876,240
North America,US,Massachusetts,2020-06-18,104828,7004,1850,15724,7908,227
North America,US,Massachusetts,2020-06-19,104918,6664,1779,15738,7939,216
North America,US,Massachusetts,2020-06-20,105001,6337,1709,15750,7968,204
North America,US,Massachusetts,2020-06-21,105077,6025,1642,15762,7995,193
North America,US,Massachusetts,2020-06-22,105147,5726,1577,15772,8021,183
North America,US,Massachusetts,2020-06-23,105210,5439,1514,15782,8046,173
North America,US,Massachusetts,2020-06-24,105268,5164,1453,15790,8070,164
North America,US,Massachusetts,2020-06-25,105320,4901,1395,15798,8092,155
North America,US,Massachusetts,2020-06-26,105368,4650,1338,15805,8113,146
North America,US,Massachusetts,2020-06-27,105412,4411,1283,15812,8133,138
North America,US,Massachusetts,2020-06-28,105452,4183,1230,15818,8151,130
North America,US,Massachusetts,2020-06-29,105488,3965,1179,15823,8169,123
North America,US,Massachusetts,2020-06-30,105521,3758,1130,15828,8186,116
North America,US,Massachusetts,2020-07-01,105551,3560,1083,15833,8202,109
North America,US,Massachusetts,2020-07-02,105577,3372,1037,15837,8217,103
North America,US,Massachusetts,2020-07-03,105602,3193,993,15840,8231,97
North America,US,Massachusetts,2020-07-04,105624,3023,951,15844,8244,91
North America,US,Massachusetts,2020-07-05,105645,2861,911,15847,8256,86
North America,US,Massachusetts,2020-07-06,105663,2707,872,15849,8268,81
North America,US,Massachusetts,2020-07-07,105679,2561,835,15852,8280,76
North America,US,Massachusetts,2020-07-08,105694,2423,799,15854,8290,72
North America,US,Massachusetts,2020-07-09,105708,2291,764,15856,8300,67
North America,US,Massachusetts,2020-07-10,105720,2167,731,15858,8309,63
North America,US,Massachusetts,2020-07-11,105731,2049,699,15860,8318,60
North America,US,Massachusetts,2020-07-12,105741,1937,669,15861,8326,56
North America,US,Massachusetts,2020-07-13,105750,1830,640,15863,8334,53
North America,US,Massachusetts,2020-07-14,105758,1730,612,15864,8342,49
North America,US,Massachusetts,2020-07-15,105765,1635,585,15865,8349,46
North America,US,Massachusetts,2020-07-16,105772,1544,559,15866,8355,43
North America,US,Massachusetts,2020-07-17,105778,1459,534,15867,8361,41
North America,US,Massachusetts,2020-07-18,105783,1379,511,15867,8367,38
North America,US,Massachusetts,2020-07-19,105788,1302,488,15868,8373,36
North America,US,Massachusetts,2020-07-20,105792,1230,467,15869,8378,34
North America,US,Massachusetts,2020-07-21,105796,1162,446,15869,8382,32
North America,US,Massachusetts,2020-07-22,105800,1097,426,15870,8387,30
North America,US,Massachusetts,2020-07-23,105803,1036,407,15870,8391,28
North America,US,Massachusetts,2020-07-24,105806,978,389,15871,8395,26
North America,US,Massachusetts,2020-07-25,105808,924,372,15871,8399,24
North America,US,Massachusetts,2020-07-26,105810,872,355,15872,8403,23
North America,US,Massachusetts,2020-07-27,105812,824,339,15872,8406,21
North America,US,Massachusetts,2020-07-28,105814,778,324,15872,8409,20
North America,US,Massachusetts,2020-07-29,105816,735,310,15872,8412,19
North America,US,Massachusetts,2020-07-30,105817,694,296,15873,8415,18
North America,US,Massachusetts,2020-07-31,105819,655,282,15873,8417,16
North America,US,Massachusetts,2020-08-01,105820,618,270,15873,8420,15
North America,US,Massachusetts,2020-08-02,105821,584,258,15873,8422,14
North America,US,Massachusetts,2020-08-03,105822,551,246,15873,8424,13
North America,US,Massachusetts,2020-08-04,105823,521,235,15873,8426,13
North America,US,Massachusetts,2020-08-05,105823,492,224,15873,8428,12
North America,US,Massachusetts,2020-08-06,105824,464,214,15874,8430,11
North America,US,Massachusetts,2020-08-07,105824,439,205,15874,8432,10
North America,US,Massachusetts,2020-08-08,105825,414,195,15874,8433,10
North America,US,Massachusetts,2020-08-09,105825,391,187,15874,8435,9
North America,US,Massachusetts,2020-08-10,105826,370,178,15874,8436,8
North America,US,Massachusetts,2020-08-11,105826,349,170,15874,8437,8
North America,US,Massachusetts,2020-08-12,105827,330,162,15874,8439,7
North America,US,Massachusetts,2020-08-13,105827,312,155,15874,8440,7
North America,US,Massachusetts,2020-08-14,105827,294,148,15874,8441,6
North America,US,Massachusetts,2020-08-15,105827,278,141,15874,8442,6
North America,US,Massachusetts,2020-08-16,105828,263,135,15874,8443,6
North America,US,Massachusetts,2020-08-17,105828,248,129,15874,8444,5
North America,US,Massachusetts,2020-08-18,105828,235,123,15874,8445,5
North America,US,Massachusetts,2020-08-19,105828,222,117,15874,8445,5
North America,US,Massachusetts,2020-08-20,105828,210,112,15874,8446,4
North America,US,Massachusetts,2020-08-21,105828,198,107,15874,8447,4
North America,US,Massachusetts,2020-08-22,105828,187,102,15874,8447,4
North America,US,Massachusetts,2020-08-23,105829,177,98,15874,8448,4
North America,US,Massachusetts,2020-08-24,105829,168,93,15874,8449,3
North America,US,Massachusetts,2020-08-25,105829,159,89,15874,8449,3
North America,US,Massachusetts,2020-08-26,105829,150,85,15874,8450,3
North America,US,Massachusetts,2020-08-27,105829,142,81,15874,8450,3
North America,US,Massachusetts,2020-08-28,105829,134,77,15874,8451,3
North America,US,Massachusetts,2020-08-29,105829,127,74,15874,8451,2
North America,US,Massachusetts,2020-08-30,105829,120,71,15874,8451,2
North America,US,Massachusetts,2020-08-31,105829,114,67,15874,8452,2
North America,US,Massachusetts,2020-09-01,105829,108,64,15874,8452,2
North America,US,Michigan,2020-03-18,159,147,22,22,2,6
North America,US,Michigan,2020-03-19,230,198,30,33,12,7
North America,US,Michigan,2020-03-20,309,252,39,44,23,9
North America,US,Michigan,2020-03-21,401,316,49,58,35,12
North America,US,Michigan,2020-03-22,511,392,61,75,48,15
North America,US,Michigan,2020-03-23,644,484,76,95,63,18
North America,US,Michigan,2020-03-24,804,594,94,119,80,22
North America,US,Michigan,2020-03-25,993,723,115,147,101,27
North America,US,Michigan,2020-03-26,1217,874,139,181,124,32
North America,US,Michigan,2020-03-27,1478,1049,168,220,151,39
North America,US,Michigan,2020-03-28,1780,1249,200,265,183,46
North America,US,Michigan,2020-03-29,2129,1478,238,318,219,55
North America,US,Michigan,2020-03-30,2527,1737,280,377,259,64
North America,US,Michigan,2020-03-31,2978,2025,328,445,305,75
North America,US,Michigan,2020-04-01,3487,2347,381,521,357,87
North America,US,Michigan,2020-04-02,4057,2703,439,607,415,100
North America,US,Michigan,2020-04-03,4691,3093,504,702,478,114
North America,US,Michigan,2020-04-04,5389,3516,575,807,548,130
North America,US,Michigan,2020-04-05,6157,3973,651,922,624,147
North America,US,Michigan,2020-04-06,6994,4464,734,1047,707,165
North America,US,Michigan,2020-04-07,7901,4986,822,1183,795,184
North America,US,Michigan,2020-04-08,8878,5537,916,1330,891,204
North America,US,Michigan,2020-04-09,9924,6116,1014,1487,992,225
North America,US,Michigan,2020-04-10,11041,6721,1118,1654,1099,247
North America,US,Michigan,2020-04-11,12222,7347,1226,1832,1212,270
North America,US,Michigan,2020-04-12,13468,7989,1338,2018,1331,293
North America,US,Michigan,2020-04-13,14775,8647,1453,2214,1454,317
North America,US,Michigan,2020-04-14,16140,9317,1571,2419,1582,342
North America,US,Michigan,2020-04-15,17558,9991,1690,2632,1713,366
North America,US,Michigan,2020-04-16,19024,10667,1811,2852,1849,391
North America,US,Michigan,2020-04-17,20535,11340,1933,3078,1987,415
North America,US,Michigan,2020-04-18,22084,12007,2054,3311,2128,439
North America,US,Michigan,2020-04-19,23668,12663,2175,3548,2270,463
North America,US,Michigan,2020-04-20,25278,13303,2294,3790,2414,486
North America,US,Michigan,2020-04-21,26911,13923,2411,4035,2559,508
North America,US,Michigan,2020-04-22,28560,14520,2524,4282,2704,529
North America,US,Michigan,2020-04-23,30220,15090,2635,4531,2849,550
North America,US,Michigan,2020-04-24,31886,15631,2741,4781,2993,569
North America,US,Michigan,2020-04-25,33551,16138,2843,5031,3136,587
North America,US,Michigan,2020-04-26,35212,16610,2939,5280,3277,603
North America,US,Michigan,2020-04-27,36861,17044,3030,5527,3416,618
North America,US,Michigan,2020-04-28,38496,17438,3115,5773,3552,632
North America,US,Michigan,2020-04-29,40110,17790,3193,6015,3686,644
North America,US,Michigan,2020-04-30,41701,18100,3265,6253,3817,654
North America,US,Michigan,2020-05-01,43265,18368,3330,6488,3944,663
North America,US,Michigan,2020-05-02,44798,18593,3388,6718,4067,671
North America,US,Michigan,2020-05-03,46296,18773,3439,6943,4187,676
North America,US,Michigan,2020-05-04,47756,18908,3483,7162,4303,681
North America,US,Michigan,2020-05-05,49178,19002,3519,7375,4414,683
North America,US,Michigan,2020-05-06,50558,19054,3549,7582,4522,684
North America,US,Michigan,2020-05-07,51897,19066,3571,7783,4625,684
North America,US,Michigan,2020-05-08,53189,19036,3586,7977,4723,682
North America,US,Michigan,2020-05-09,54435,18967,3594,8163,4818,678
North America,US,Michigan,2020-05-10,55634,18861,3596,8343,4908,673
North America,US,Michigan,2020-05-11,56788,18722,3592,8516,4994,668
North America,US,Michigan,2020-05-12,57895,18551,3581,8682,5075,660
North America,US,Michigan,2020-05-13,58953,18348,3564,8841,5152,652
North America,US,Michigan,2020-05-14,59964,18114,3542,8993,5226,643
North America,US,Michigan,2020-05-15,60928,17854,3514,9137,5295,633
North America,US,Michigan,2020-05-16,61846,17570,3481,9275,5361,622
North America,US,Michigan,2020-05-17,62720,17264,3444,9406,5422,610
North America,US,Michigan,2020-05-18,63549,16937,3402,9530,5480,597
North America,US,Michigan,2020-05-19,64333,16591,3357,9648,5535,584
North America,US,Michigan,2020-05-20,65076,16230,3307,9760,5586,570
North America,US,Michigan,2020-05-21,65778,15855,3254,9865,5634,556
North America,US,Michigan,2020-05-22,66440,15468,3199,9964,5678,541
North America,US,Michigan,2020-05-23,67064,15071,3140,10058,5720,526
North America,US,Michigan,2020-05-24,67650,14665,3079,10146,5759,511
North America,US,Michigan,2020-05-25,68201,14254,3016,10228,5795,496
North America,US,Michigan,2020-05-26,68718,13838,2951,10306,5829,480
North America,US,Michigan,2020-05-27,69203,13419,2885,10379,5860,465
North America,US,Michigan,2020-05-28,69656,12997,2817,10447,5890,449
North America,US,Michigan,2020-05-29,70080,12576,2749,10510,5917,434
North America,US,Michigan,2020-05-30,70475,12156,2679,10569,5942,418
North America,US,Michigan,2020-05-31,70844,11738,2609,10625,5965,403
North America,US,Michigan,2020-06-01,71188,11324,2539,10676,5986,388
North America,US,Michigan,2020-06-02,71507,10914,2468,10724,6006,373
North America,US,Michigan,2020-06-03,71804,10509,2398,10769,6024,358
North America,US,Michigan,2020-06-04,72080,10110,2328,10810,6041,343
North America,US,Michigan,2020-06-05,72335,9719,2258,10849,6056,329
North America,US,Michigan,2020-06-06,72572,9335,2189,10884,6070,315
North America,US,Michigan,2020-06-07,72791,8959,2121,10917,6083,302
North America,US,Michigan,2020-06-08,72994,8591,2053,10947,6095,288
North America,US,Michigan,2020-06-09,73181,8232,1986,10975,6106,276
North America,US,Michigan,2020-06-10,73354,7883,1921,11001,6116,263
North America,US,Michigan,2020-06-11,73513,7544,1856,11025,6125,251
North America,US,Michigan,2020-06-12,73659,7214,1793,11047,6133,239
North America,US,Michigan,2020-06-13,73794,6894,1730,11067,6141,228
North America,US,Michigan,2020-06-14,73918,6584,1670,11086,6148,217
North America,US,Michigan,2020-06-15,74032,6285,1610,11103,6154,206
North America,US,Michigan,2020-06-16,74137,5995,1552,11119,6160,196
North America,US,Michigan,2020-06-17,74232,5716,1495,11133,6165,186
North America,US,Michigan,2020-06-18,74320,5447,1440,11146,6170,177
North America,US,Michigan,2020-06-19,74401,5188,1386,11158,6175,168
North America,US,Michigan,2020-06-20,74474,4939,1334,11169,6178,159
North America,US,Michigan,2020-06-21,74541,4699,1283,11179,6182,151
North America,US,Michigan,2020-06-22,74603,4469,1234,11189,6185,143
North America,US,Michigan,2020-06-23,74659,4248,1186,11197,6188,135
North America,US,Michigan,2020-06-24,74710,4037,1139,11205,6191,128
North America,US,Michigan,2020-06-25,74757,3835,1094,11212,6193,121
North America,US,Michigan,2020-06-26,74799,3641,1051,11218,6196,114
North America,US,Michigan,2020-06-27,74838,3456,1009,11224,6197,108
North America,US,Michigan,2020-06-28,74873,3279,968,11229,6199,102
North America,US,Michigan,2020-06-29,74905,3110,929,11234,6201,96
North America,US,Michigan,2020-06-30,74934,2949,891,11238,6202,91
North America,US,Michigan,2020-07-01,74960,2795,854,11242,6204,86
North America,US,Michigan,2020-07-02,74984,2649,819,11246,6205,81
North America,US,Michigan,2020-07-03,75005,2509,785,11249,6206,76
North America,US,Michigan,2020-07-04,75025,2376,753,11252,6207,72
North America,US,Michigan,2020-07-05,75043,2250,721,11255,6208,67
North America,US,Michigan,2020-07-06,75059,2130,691,11257,6208,64
North America,US,Michigan,2020-07-07,75073,2016,662,11259,6209,60
North America,US,Michigan,2020-07-08,75086,1908,634,11261,6210,56
North America,US,Michigan,2020-07-09,75098,1805,607,11263,6210,53
North America,US,Michigan,2020-07-10,75109,1707,581,11265,6211,50
North America,US,Michigan,2020-07-11,75119,1614,556,11266,6211,47
North America,US,Michigan,2020-07-12,75127,1526,532,11267,6212,44
North America,US,Michigan,2020-07-13,75135,1443,509,11268,6212,41
North America,US,Michigan,2020-07-14,75142,1364,487,11270,6212,39
North America,US,Michigan,2020-07-15,75149,1289,466,11270,6213,36
North America,US,Michigan,2020-07-16,75154,1218,446,11271,6213,34
North America,US,Michigan,2020-07-17,75159,1151,426,11272,6213,32
North America,US,Michigan,2020-07-18,75164,1088,408,11273,6213,30
North America,US,Michigan,2020-07-19,75168,1028,390,11273,6214,28
North America,US,Michigan,2020-07-20,75172,971,373,11274,6214,26
North America,US,Michigan,2020-07-21,75175,917,356,11274,6214,25
North America,US,Michigan,2020-07-22,75178,866,341,11275,6214,23
North America,US,Michigan,2020-07-23,75181,818,326,11275,6214,22
North America,US,Michigan,2020-07-24,75183,773,311,11276,6214,20
North America,US,Michigan,2020-07-25,75186,730,298,11276,6214,19
North America,US,Michigan,2020-07-26,75187,689,284,11276,6214,18
North America,US,Michigan,2020-07-27,75189,651,272,11277,6214,17
North America,US,Michigan,2020-07-28,75191,615,260,11277,6215,16
North America,US,Michigan,2020-07-29,75192,580,248,11277,6215,15
North America,US,Michigan,2020-07-30,75193,548,237,11277,6215,14
North America,US,Michigan,2020-07-31,75194,518,227,11277,6215,13
North America,US,Michigan,2020-08-01,75195,489,217,11278,6215,12
North America,US,Michigan,2020-08-02,75196,462,207,11278,6215,11
North America,US,Michigan,2020-08-03,75197,436,198,11278,6215,11
North America,US,Michigan,2020-08-04,75198,412,189,11278,6215,10
North America,US,Michigan,2020-08-05,75198,389,180,11278,6215,9
North America,US,Michigan,2020-08-06,75199,367,172,11278,6215,9
North America,US,Michigan,2020-08-07,75199,347,165,11278,6215,8
North America,US,Michigan,2020-08-08,75200,328,157,11278,6215,8
North America,US,Michigan,2020-08-09,75200,310,150,11278,6215,7
North America,US,Michigan,2020-08-10,75201,292,143,11278,6215,7
North America,US,Michigan,2020-08-11,75201,276,137,11278,6215,6
North America,US,Michigan,2020-08-12,75201,261,131,11278,6215,6
North America,US,Michigan,2020-08-13,75201,247,125,11278,6215,5
North America,US,Michigan,2020-08-14,75202,233,119,11278,6215,5
North America,US,Michigan,2020-08-15,75202,220,114,11278,6215,5
North America,US,Michigan,2020-08-16,75202,208,109,11279,6215,4
North America,US,Michigan,2020-08-17,75202,197,104,11279,6215,4
North America,US,Michigan,2020-08-18,75202,186,99,11279,6215,4
North America,US,Michigan,2020-08-19,75202,176,95,11279,6215,4
North America,US,Michigan,2020-08-20,75203,166,91,11279,6215,3
North America,US,Michigan,2020-08-21,75203,157,87,11279,6215,3
North America,US,Michigan,2020-08-22,75203,149,83,11279,6215,3
North America,US,Michigan,2020-08-23,75203,140,79,11279,6215,3
North America,US,Michigan,2020-08-24,75203,133,75,11279,6215,3
North America,US,Michigan,2020-08-25,75203,126,72,11279,6215,2
North America,US,Michigan,2020-08-26,75203,119,69,11279,6215,2
North America,US,Michigan,2020-08-27,75203,112,66,11279,6215,2
North America,US,Michigan,2020-08-28,75203,106,63,11279,6215,2
North America,US,Michigan,2020-08-29,75203,101,60,11279,6215,2
North America,US,Michigan,2020-08-30,75203,95,57,11279,6215,2
North America,US,Michigan,2020-08-31,75203,90,55,11279,6215,2
North America,US,Michigan,2020-09-01,75203,85,52,11279,6215,1
North America,US,Minnesota,2020-03-20,113,113,17,17,0,4
North America,US,Minnesota,2020-03-21,118,111,17,18,0,4
North America,US,Minnesota,2020-03-22,126,111,17,19,1,4
North America,US,Minnesota,2020-03-23,136,114,18,20,1,4
North America,US,Minnesota,2020-03-24,150,120,19,22,1,4
North America,US,Minnesota,2020-03-25,166,128,21,25,2,5
North America,US,Minnesota,2020-03-26,187,141,23,28,2,5
North America,US,Minnesota,2020-03-27,215,158,26,32,3,6
North America,US,Minnesota,2020-03-28,251,183,30,38,3,7
North America,US,Minnesota,2020-03-29,298,217,35,45,4,8
North America,US,Minnesota,2020-03-30,356,259,42,53,5,10
North America,US,Minnesota,2020-03-31,426,310,51,64,6,11
North America,US,Minnesota,2020-04-01,510,372,61,76,7,14
North America,US,Minnesota,2020-04-02,608,443,72,91,8,16
North America,US,Minnesota,2020-04-03,722,526,86,108,9,19
North America,US,Minnesota,2020-04-04,854,620,101,128,11,23
North America,US,Minnesota,2020-04-05,1004,726,118,151,13,27
North America,US,Minnesota,2020-04-06,1175,844,138,176,16,31
North America,US,Minnesota,2020-04-07,1367,976,160,205,18,36
North America,US,Minnesota,2020-04-08,1582,1122,184,237,22,41
North America,US,Minnesota,2020-04-09,1823,1284,210,273,25,47
North America,US,Minnesota,2020-04-10,2088,1459,240,313,30,54
North America,US,Minnesota,2020-04-11,2380,1649,271,357,34,61
North America,US,Minnesota,2020-04-12,2699,1852,306,405,40,68
North America,US,Minnesota,2020-04-13,3048,2072,343,457,46,76
North America,US,Minnesota,2020-04-14,3426,2306,382,514,52,85
North America,US,Minnesota,2020-04-15,3833,2552,424,575,60,94
North America,US,Minnesota,2020-04-16,4268,2811,468,640,68,103
North America,US,Minnesota,2020-04-17,4733,3081,515,710,77,113
North America,US,Minnesota,2020-04-18,5228,3364,564,784,87,124
North America,US,Minnesota,2020-04-19,5752,3657,614,863,97,134
North America,US,Minnesota,2020-04-20,6303,3958,667,945,109,145
North America,US,Minnesota,2020-04-21,6880,4264,720,1032,121,156
North America,US,Minnesota,2020-04-22,7483,4576,776,1122,134,168
North America,US,Minnesota,2020-04-23,8112,4894,832,1217,149,179
North America,US,Minnesota,2020-04-24,8765,5215,889,1315,164,191
North America,US,Minnesota,2020-04-25,9439,5535,947,1416,180,202
North America,US,Minnesota,2020-04-26,10132,5853,1005,1520,197,214
North America,US,Minnesota,2020-04-27,10842,6168,1063,1626,214,225
North America,US,Minnesota,2020-04-28,11570,6480,1120,1736,233,236
North America,US,Minnesota,2020-04-29,12314,6788,1178,1847,253,248
North America,US,Minnesota,2020-04-30,13070,7088,1234,1960,273,258
North America,US,Minnesota,2020-05-01,13834,7377,1289,2075,294,269
North America,US,Minnesota,2020-05-02,14606,7655,1343,2191,316,278
North America,US,Minnesota,2020-05-03,15383,7920,1395,2307,339,288
North America,US,Minnesota,2020-05-04,16165,8174,1445,2425,362,297
North America,US,Minnesota,2020-05-05,16951,8415,1493,2543,386,305
North America,US,Minnesota,2020-05-06,17736,8641,1540,2660,411,313
North America,US,Minnesota,2020-05-07,18518,8849,1583,2778,436,321
North America,US,Minnesota,2020-05-08,19295,9040,1624,2894,462,327
North America,US,Minnesota,2020-05-09,20065,9211,1662,3010,488,333
North America,US,Minnesota,2020-05-10,20828,9365,1697,3124,515,338
North America,US,Minnesota,2020-05-11,21583,9502,1730,3237,542,343
North America,US,Minnesota,2020-05-12,22328,9621,1759,3349,569,347
North America,US,Minnesota,2020-05-13,23061,9721,1786,3459,596,350
North America,US,Minnesota,2020-05-14,23779,9800,1809,3567,624,353
North America,US,Minnesota,2020-05-15,24483,9860,1829,3672,651,354
North America,US,Minnesota,2020-05-16,25170,9901,1845,3776,679,355
North America,US,Minnesota,2020-05-17,25841,9924,1859,3876,707,356
North America,US,Minnesota,2020-05-18,26495,9929,1869,3974,734,356
North America,US,Minnesota,2020-05-19,27131,9916,1876,4070,762,355
North America,US,Minnesota,2020-05-20,27748,9886,1880,4162,789,353
North America,US,Minnesota,2020-05-21,28345,9839,1881,4252,817,351
North America,US,Minnesota,2020-05-22,28924,9778,1880,4339,843,348
North America,US,Minnesota,2020-05-23,29484,9702,1875,4423,870,345
North America,US,Minnesota,2020-05-24,30025,9613,1868,4504,896,342
North America,US,Minnesota,2020-05-25,30545,9511,1859,4582,922,338
North America,US,Minnesota,2020-05-26,31044,9394,1846,4657,948,333
North America,US,Minnesota,2020-05-27,31521,9263,1832,4728,973,328
North America,US,Minnesota,2020-05-28,31979,9122,1814,4797,998,322
North America,US,Minnesota,2020-05-29,32417,8971,1795,4863,1022,317
North America,US,Minnesota,2020-05-30,32837,8813,1774,4926,1046,311
North America,US,Minnesota,2020-05-31,33239,8647,1752,4986,1069,304
North America,US,Minnesota,2020-06-01,33620,8473,1727,5043,1091,298
North America,US,Minnesota,2020-06-02,33983,8290,1701,5097,1113,291
North America,US,Minnesota,2020-06-03,34327,8103,1674,5149,1135,284
North America,US,Minnesota,2020-06-04,34655,7911,1645,5198,1156,276
North America,US,Minnesota,2020-06-05,34966,7715,1615,5245,1176,269
North America,US,Minnesota,2020-06-06,35261,7517,1584,5289,1195,262
North America,US,Minnesota,2020-06-07,35540,7315,1552,5331,1215,254
North America,US,Minnesota,2020-06-08,35802,7110,1520,5370,1233,247
North America,US,Minnesota,2020-06-09,36050,6904,1486,5407,1251,239
North America,US,Minnesota,2020-06-10,36284,6699,1452,5443,1268,231
North America,US,Minnesota,2020-06-11,36505,6494,1418,5476,1285,224
North America,US,Minnesota,2020-06-12,36714,6289,1384,5507,1301,216
North America,US,Minnesota,2020-06-13,36909,6086,1349,5536,1316,209
North America,US,Minnesota,2020-06-14,37092,5882,1314,5564,1331,202
North America,US,Minnesota,2020-06-15,37263,5680,1279,5589,1345,194
North America,US,Minnesota,2020-06-16,37423,5481,1244,5613,1359,187
North America,US,Minnesota,2020-06-17,37574,5285,1209,5636,1372,180
North America,US,Minnesota,2020-06-18,37716,5093,1175,5657,1385,173
North America,US,Minnesota,2020-06-19,37848,4904,1140,5677,1397,166
North America,US,Minnesota,2020-06-20,37971,4718,1106,5696,1408,159
North America,US,Minnesota,2020-06-21,38085,4535,1072,5713,1419,153
North America,US,Minnesota,2020-06-22,38191,4356,1039,5729,1430,146
North America,US,Minnesota,2020-06-23,38291,4182,1006,5744,1440,140
North America,US,Minnesota,2020-06-24,38383,4012,973,5758,1450,134
North America,US,Minnesota,2020-06-25,38470,3847,942,5770,1459,128
North America,US,Minnesota,2020-06-26,38550,3686,910,5782,1467,122
North America,US,Minnesota,2020-06-27,38623,3529,880,5794,1476,117
North America,US,Minnesota,2020-06-28,38692,3377,849,5804,1484,112
North America,US,Minnesota,2020-06-29,38755,3230,820,5813,1491,106
North America,US,Minnesota,2020-06-30,38814,3088,791,5822,1498,101
North America,US,Minnesota,2020-07-01,38869,2950,763,5830,1505,96
North America,US,Minnesota,2020-07-02,38919,2817,736,5838,1511,92
North America,US,Minnesota,2020-07-03,38966,2688,709,5845,1518,87
North America,US,Minnesota,2020-07-04,39008,2564,683,5851,1523,83
North America,US,Minnesota,2020-07-05,39048,2445,657,5857,1529,79
North America,US,Minnesota,2020-07-06,39084,2330,633,5863,1534,75
North America,US,Minnesota,2020-07-07,39118,2220,609,5868,1539,71
North America,US,Minnesota,2020-07-08,39149,2114,586,5872,1543,67
North America,US,Minnesota,2020-07-09,39177,2012,563,5877,1548,64
North America,US,Minnesota,2020-07-10,39203,1914,541,5881,1552,61
North America,US,Minnesota,2020-07-11,39227,1820,520,5884,1556,57
North America,US,Minnesota,2020-07-12,39249,1731,500,5887,1560,54
North America,US,Minnesota,2020-07-13,39270,1645,480,5890,1563,51
North America,US,Minnesota,2020-07-14,39288,1563,461,5893,1566,49
North America,US,Minnesota,2020-07-15,39305,1484,442,5896,1569,46
North America,US,Minnesota,2020-07-16,39321,1409,424,5898,1572,43
North America,US,Minnesota,2020-07-17,39335,1337,407,5900,1575,41
North America,US,Minnesota,2020-07-18,39348,1269,390,5902,1577,39
North America,US,Minnesota,2020-07-19,39360,1203,374,5904,1580,37
North America,US,Minnesota,2020-07-20,39371,1141,359,5906,1582,35
North America,US,Minnesota,2020-07-21,39381,1082,344,5907,1584,33
North America,US,Minnesota,2020-07-22,39390,1025,330,5908,1586,31
North America,US,Minnesota,2020-07-23,39398,972,316,5910,1588,29
North America,US,Minnesota,2020-07-24,39405,920,303,5911,1590,27
North America,US,Minnesota,2020-07-25,39412,872,290,5912,1591,26
North America,US,Minnesota,2020-07-26,39418,826,278,5913,1593,24
North America,US,Minnesota,2020-07-27,39424,782,266,5914,1594,23
North America,US,Minnesota,2020-07-28,39429,740,255,5914,1596,21
North America,US,Minnesota,2020-07-29,39434,700,244,5915,1597,20
North America,US,Minnesota,2020-07-30,39438,663,233,5916,1598,19
North America,US,Minnesota,2020-07-31,39442,627,223,5916,1599,18
North America,US,Minnesota,2020-08-01,39445,593,214,5917,1600,17
North America,US,Minnesota,2020-08-02,39449,561,204,5917,1601,16
North America,US,Minnesota,2020-08-03,39452,530,195,5918,1602,15
North America,US,Minnesota,2020-08-04,39454,502,187,5918,1603,14
North America,US,Minnesota,2020-08-05,39456,474,179,5918,1604,13
North America,US,Minnesota,2020-08-06,39459,448,171,5919,1605,12
North America,US,Minnesota,2020-08-07,39461,424,164,5919,1605,11
North America,US,Minnesota,2020-08-08,39462,401,156,5919,1606,11
North America,US,Minnesota,2020-08-09,39464,379,149,5920,1607,10
North America,US,Minnesota,2020-08-10,39465,358,143,5920,1607,9
North America,US,Minnesota,2020-08-11,39467,338,137,5920,1608,9
North America,US,Minnesota,2020-08-12,39468,320,131,5920,1608,8
North America,US,Minnesota,2020-08-13,39469,302,125,5920,1609,8
North America,US,Minnesota,2020-08-14,39470,285,119,5920,1609,7
North America,US,Minnesota,2020-08-15,39471,270,114,5921,1609,7
North America,US,Minnesota,2020-08-16,39471,255,109,5921,1610,6
North America,US,Minnesota,2020-08-17,39472,241,104,5921,1610,6
North America,US,Minnesota,2020-08-18,39473,227,99,5921,1610,6
North America,US,Minnesota,2020-08-19,39473,215,95,5921,1611,5
North America,US,Minnesota,2020-08-20,39474,203,91,5921,1611,5
North America,US,Minnesota,2020-08-21,39474,192,87,5921,1611,5
North America,US,Minnesota,2020-08-22,39475,181,83,5921,1612,4
North America,US,Minnesota,2020-08-23,39475,171,79,5921,1612,4
North America,US,Minnesota,2020-08-24,39475,162,76,5921,1612,4
North America,US,Minnesota,2020-08-25,39476,153,72,5921,1612,4
North America,US,Minnesota,2020-08-26,39476,144,69,5921,1612,3
North America,US,Minnesota,2020-08-27,39476,136,66,5921,1613,3
North America,US,Minnesota,2020-08-28,39476,129,63,5921,1613,3
North America,US,Minnesota,2020-08-29,39477,122,60,5921,1613,3
North America,US,Minnesota,2020-08-30,39477,115,57,5922,1613,3
North America,US,Minnesota,2020-08-31,39477,109,55,5922,1613,2
North America,US,Minnesota,2020-09-01,39477,103,52,5922,1613,2
North America,US,Mississippi,2020-03-21,140,134,20,20,1,5
North America,US,Mississippi,2020-03-22,213,196,30,31,1,7
North America,US,Mississippi,2020-03-23,291,259,40,43,2,10
North America,US,Mississippi,2020-03-24,378,327,51,56,2,12
North America,US,Mississippi,2020-03-25,478,404,63,71,3,15
North America,US,Mississippi,2020-03-26,593,490,77,88,4,18
North America,US,Mississippi,2020-03-27,725,587,93,108,5,22
North America,US,Mississippi,2020-03-28,877,697,111,131,7,26
North America,US,Mississippi,2020-03-29,1048,819,131,156,8,30
North America,US,Mississippi,2020-03-30,1243,956,154,185,10,35
North America,US,Mississippi,2020-03-31,1461,1108,179,218,12,41
North America,US,Mississippi,2020-04-01,1705,1274,207,255,15,47
North America,US,Mississippi,2020-04-02,1974,1455,237,295,18,54
North America,US,Mississippi,2020-04-03,2271,1651,269,340,21,61
North America,US,Mississippi,2020-04-04,2597,1864,305,389,25,69
North America,US,Mississippi,2020-04-05,2952,2090,343,442,30,77
North America,US,Mississippi,2020-04-06,3335,2330,384,499,34,86
North America,US,Mississippi,2020-04-07,3746,2582,427,561,40,95
North America,US,Mississippi,2020-04-08,4188,2848,472,627,46,105
North America,US,Mississippi,2020-04-09,4659,3125,520,698,53,115
North America,US,Mississippi,2020-04-10,5156,3412,569,773,60,125
North America,US,Mississippi,2020-04-11,5679,3704,620,851,68,136
North America,US,Mississippi,2020-04-12,6227,4002,672,933,76,147
North America,US,Mississippi,2020-04-13,6800,4306,726,1019,86,158
North America,US,Mississippi,2020-04-14,7396,4614,780,1108,96,169
North America,US,Mississippi,2020-04-15,8011,4921,835,1201,106,180
North America,US,Mississippi,2020-04-16,8643,5225,890,1296,118,191
North America,US,Mississippi,2020-04-17,9290,5524,945,1393,130,202
North America,US,Mississippi,2020-04-18,9952,5819,999,1492,143,213
North America,US,Mississippi,2020-04-19,10626,6108,1052,1593,157,223
North America,US,Mississippi,2020-04-20,11310,6388,1105,1696,171,233
North America,US,Mississippi,2020-04-21,11999,6656,1156,1799,186,243
North America,US,Mississippi,2020-04-22,12691,6910,1205,1903,202,252
North America,US,Mississippi,2020-04-23,13385,7150,1252,2007,218,260
North America,US,Mississippi,2020-04-24,14079,7375,1297,2111,235,268
North America,US,Mississippi,2020-04-25,14771,7585,1340,2215,252,276
North America,US,Mississippi,2020-04-26,15458,7777,1380,2318,270,282
North America,US,Mississippi,2020-04-27,16139,7950,1417,2420,288,288
North America,US,Mississippi,2020-04-28,16810,8104,1451,2521,307,294
North America,US,Mississippi,2020-04-29,17471,8239,1482,2620,327,298
North America,US,Mississippi,2020-04-30,18121,8354,1510,2717,346,302
North America,US,Mississippi,2020-05-01,18757,8449,1535,2813,366,305
North America,US,Mississippi,2020-05-02,19378,8524,1557,2906,386,307
North America,US,Mississippi,2020-05-03,19983,8579,1575,2997,407,309
North America,US,Mississippi,2020-05-04,20573,8615,1590,3085,428,310
North America,US,Mississippi,2020-05-05,21145,8633,1602,3171,448,310
North America,US,Mississippi,2020-05-06,21699,8633,1610,3254,469,310
North America,US,Mississippi,2020-05-07,22234,8614,1616,3334,490,309
North America,US,Mississippi,2020-05-08,22748,8576,1618,3411,511,307
North America,US,Mississippi,2020-05-09,23242,8521,1617,3485,532,305
North America,US,Mississippi,2020-05-10,23717,8452,1613,3557,553,302
North America,US,Mississippi,2020-05-11,24174,8369,1607,3625,574,298
North America,US,Mississippi,2020-05-12,24612,8274,1599,3691,595,294
North America,US,Mississippi,2020-05-13,25029,8165,1587,3753,616,290
North America,US,Mississippi,2020-05-14,25425,8042,1574,3813,636,285
North America,US,Mississippi,2020-05-15,25800,7907,1557,3869,656,280
North America,US,Mississippi,2020-05-16,26158,7763,1539,3923,676,275
North America,US,Mississippi,2020-05-17,26498,7612,1519,3974,696,269
North America,US,Mississippi,2020-05-18,26822,7455,1498,4022,715,263
North America,US,Mississippi,2020-05-19,27128,7291,1475,4068,734,257
North America,US,Mississippi,2020-05-20,27415,7118,1450,4111,753,250
North America,US,Mississippi,2020-05-21,27684,6939,1424,4152,771,243
North America,US,Mississippi,2020-05-22,27938,6756,1397,4190,789,236
North America,US,Mississippi,2020-05-23,28177,6571,1368,4226,807,230
North America,US,Mississippi,2020-05-24,28403,6385,1340,4260,824,223
North America,US,Mississippi,2020-05-25,28615,6197,1310,4291,841,216
North America,US,Mississippi,2020-05-26,28812,6006,1280,4321,857,209
North America,US,Mississippi,2020-05-27,28996,5815,1248,4348,873,201
North America,US,Mississippi,2020-05-28,29168,5623,1217,4374,888,194
North America,US,Mississippi,2020-05-29,29328,5433,1185,4398,903,187
North America,US,Mississippi,2020-05-30,29478,5245,1154,4421,918,180
North America,US,Mississippi,2020-05-31,29618,5059,1122,4442,932,174
North America,US,Mississippi,2020-06-01,29748,4874,1090,4461,946,167
North America,US,Mississippi,2020-06-02,29867,4691,1058,4479,960,160
North America,US,Mississippi,2020-06-03,29979,4512,1027,4496,973,154
North America,US,Mississippi,2020-06-04,30082,4336,995,4511,985,147
North America,US,Mississippi,2020-06-05,30178,4164,964,4526,997,141
North America,US,Mississippi,2020-06-06,30267,3995,934,4539,1009,135
North America,US,Mississippi,2020-06-07,30348,3831,903,4551,1020,129
North America,US,Mississippi,2020-06-08,30424,3670,873,4563,1031,123
North America,US,Mississippi,2020-06-09,30493,3513,844,4573,1042,118
North America,US,Mississippi,2020-06-10,30557,3362,815,4583,1052,112
North America,US,Mississippi,2020-06-11,30616,3214,787,4591,1062,107
North America,US,Mississippi,2020-06-12,30670,3072,759,4600,1071,102
North America,US,Mississippi,2020-06-13,30720,2934,732,4607,1080,97
North America,US,Mississippi,2020-06-14,30766,2800,706,4614,1089,92
North America,US,Mississippi,2020-06-15,30807,2671,680,4620,1097,88
North America,US,Mississippi,2020-06-16,30846,2546,655,4626,1105,83
North America,US,Mississippi,2020-06-17,30881,2426,630,4631,1113,79
North America,US,Mississippi,2020-06-18,30913,2311,606,4636,1121,75
North America,US,Mississippi,2020-06-19,30943,2200,583,4641,1128,71
North America,US,Mississippi,2020-06-20,30970,2094,561,4645,1135,68
North America,US,Mississippi,2020-06-21,30994,1991,539,4648,1141,64
North America,US,Mississippi,2020-06-22,31016,1893,518,4652,1147,61
North America,US,Mississippi,2020-06-23,31037,1799,497,4655,1153,57
North America,US,Mississippi,2020-06-24,31055,1709,478,4657,1159,54
North America,US,Mississippi,2020-06-25,31072,1623,458,4660,1165,51
North America,US,Mississippi,2020-06-26,31087,1541,440,4662,1170,49
North America,US,Mississippi,2020-06-27,31101,1463,422,4664,1175,46
North America,US,Mississippi,2020-06-28,31114,1387,405,4666,1180,43
North America,US,Mississippi,2020-06-29,31125,1316,388,4668,1185,41
North America,US,Mississippi,2020-06-30,31136,1248,372,4669,1189,39
North America,US,Mississippi,2020-07-01,31145,1183,357,4671,1193,36
North America,US,Mississippi,2020-07-02,31154,1121,342,4672,1197,34
North America,US,Mississippi,2020-07-03,31162,1062,327,4673,1201,32
North America,US,Mississippi,2020-07-04,31169,1006,314,4674,1205,31
North America,US,Mississippi,2020-07-05,31175,952,300,4675,1208,29
North America,US,Mississippi,2020-07-06,31181,902,288,4676,1212,27
North America,US,Mississippi,2020-07-07,31186,854,275,4677,1215,26
North America,US,Mississippi,2020-07-08,31191,808,263,4678,1218,24
North America,US,Mississippi,2020-07-09,31195,765,252,4678,1221,23
North America,US,Mississippi,2020-07-10,31199,723,241,4679,1224,21
North America,US,Mississippi,2020-07-11,31202,684,231,4679,1226,20
North America,US,Mississippi,2020-07-12,31205,647,221,4680,1229,19
North America,US,Mississippi,2020-07-13,31208,612,211,4680,1231,18
North America,US,Mississippi,2020-07-14,31210,579,202,4681,1233,17
North America,US,Mississippi,2020-07-15,31213,547,193,4681,1236,16
North America,US,Mississippi,2020-07-16,31215,518,185,4681,1238,15
North America,US,Mississippi,2020-07-17,31216,489,177,4682,1240,14
North America,US,Mississippi,2020-07-18,31218,462,169,4682,1242,13
North America,US,Mississippi,2020-07-19,31219,437,161,4682,1243,12
North America,US,Mississippi,2020-07-20,31221,413,154,4682,1245,11
North America,US,Mississippi,2020-07-21,31222,391,148,4682,1247,11
North America,US,Mississippi,2020-07-22,31223,369,141,4683,1248,10
North America,US,Mississippi,2020-07-23,31224,349,135,4683,1250,9
North America,US,Mississippi,2020-07-24,31225,330,129,4683,1251,9
North America,US,Mississippi,2020-07-25,31225,311,123,4683,1253,8
North America,US,Mississippi,2020-07-26,31226,294,118,4683,1254,8
North America,US,Mississippi,2020-07-27,31227,278,112,4683,1255,7
North America,US,Mississippi,2020-07-28,31227,263,107,4683,1256,7
North America,US,Mississippi,2020-07-29,31228,248,103,4683,1257,6
North America,US,Mississippi,2020-07-30,31228,235,98,4683,1258,6
North America,US,Mississippi,2020-07-31,31229,222,94,4683,1259,6
North America,US,Mississippi,2020-08-01,31229,210,89,4683,1260,5
North America,US,Mississippi,2020-08-02,31229,198,85,4683,1261,5
North America,US,Mississippi,2020-08-03,31230,187,82,4684,1262,5
North America,US,Mississippi,2020-08-04,31230,177,78,4684,1263,4
North America,US,Mississippi,2020-08-05,31230,167,74,4684,1264,4
North America,US,Mississippi,2020-08-06,31230,158,71,4684,1265,4
North America,US,Mississippi,2020-08-07,31230,149,68,4684,1265,4
North America,US,Mississippi,2020-08-08,31230,141,65,4684,1266,3
North America,US,Mississippi,2020-08-09,31231,134,62,4684,1267,3
North America,US,Mississippi,2020-08-10,31231,126,59,4684,1267,3
North America,US,Mississippi,2020-08-11,31231,119,56,4684,1268,3
North America,US,Mississippi,2020-08-12,31231,113,54,4684,1268,3
North America,US,Mississippi,2020-08-13,31231,107,52,4684,1269,2
North America,US,Mississippi,2020-08-14,31231,101,49,4684,1269,2
North America,US,Mississippi,2020-08-15,31231,95,47,4684,1270,2
North America,US,Mississippi,2020-08-16,31231,90,45,4684,1270,2
North America,US,Mississippi,2020-08-17,31231,85,43,4684,1271,2
North America,US,Mississippi,2020-08-18,31231,81,41,4684,1271,2
North America,US,Mississippi,2020-08-19,31231,76,39,4684,1272,2
North America,US,Mississippi,2020-08-20,31231,72,37,4684,1272,2
North America,US,Mississippi,2020-08-21,31231,68,36,4684,1272,1
North America,US,Mississippi,2020-08-22,31231,65,34,4684,1273,1
North America,US,Mississippi,2020-08-23,31231,61,32,4684,1273,1
North America,US,Mississippi,2020-08-24,31231,58,31,4684,1273,1
North America,US,Mississippi,2020-08-25,31232,55,30,4684,1274,1
North America,US,Mississippi,2020-08-26,31232,52,28,4684,1274,1
North America,US,Mississippi,2020-08-27,31232,49,27,4684,1274,1
North America,US,Mississippi,2020-08-28,31232,47,26,4684,1274,1
North America,US,Mississippi,2020-08-29,31232,44,25,4684,1275,1
North America,US,Mississippi,2020-08-30,31232,42,23,4684,1275,1
North America,US,Mississippi,2020-08-31,31232,40,22,4684,1275,1
North America,US,Mississippi,2020-09-01,31232,37,21,4684,1275,1
North America,US,Missouri,2020-03-22,122,104,16,16,3,4
North America,US,Missouri,2020-03-23,134,108,17,17,3,4
North America,US,Missouri,2020-03-24,154,121,19,20,4,5
North America,US,Missouri,2020-03-25,181,140,22,24,5,5
North America,US,Missouri,2020-03-26,216,164,26,30,5,6
North America,US,Missouri,2020-03-27,258,194,31,36,6,7
North America,US,Missouri,2020-03-28,308,230,37,44,7,9
North America,US,Missouri,2020-03-29,368,273,44,52,8,10
North America,US,Missouri,2020-03-30,438,323,52,63,9,12
North America,US,Missouri,2020-03-31,520,381,62,75,10,14
North America,US,Missouri,2020-04-01,615,448,72,90,12,17
North America,US,Missouri,2020-04-02,723,524,85,106,14,19
North America,US,Missouri,2020-04-03,847,610,99,124,16,23
North America,US,Missouri,2020-04-04,988,707,115,146,19,26
North America,US,Missouri,2020-04-05,1147,814,133,169,22,30
North America,US,Missouri,2020-04-06,1324,933,153,196,25,34
North America,US,Missouri,2020-04-07,1520,1062,174,225,29,39
North America,US,Missouri,2020-04-08,1738,1204,198,258,33,44
North America,US,Missouri,2020-04-09,1978,1358,224,294,38,50
North America,US,Missouri,2020-04-10,2239,1522,251,333,43,56
North America,US,Missouri,2020-04-11,2521,1697,281,376,49,62
North America,US,Missouri,2020-04-12,2827,1883,312,421,56,69
North America,US,Missouri,2020-04-13,3156,2079,346,471,63,76
North America,US,Missouri,2020-04-14,3508,2285,381,524,72,84
North America,US,Missouri,2020-04-15,3881,2498,418,580,80,92
North America,US,Missouri,2020-04-16,4276,2718,456,639,90,100
North America,US,Missouri,2020-04-17,4692,2944,496,701,100,108
North America,US,Missouri,2020-04-18,5129,3177,536,767,111,116
North America,US,Missouri,2020-04-19,5586,3413,578,835,123,125
North America,US,Missouri,2020-04-20,6060,3650,620,906,136,134
North America,US,Missouri,2020-04-21,6550,3888,663,980,149,142
North America,US,Missouri,2020-04-22,7055,4126,706,1056,163,151
North America,US,Missouri,2020-04-23,7577,4363,749,1134,178,159
North America,US,Missouri,2020-04-24,8110,4598,792,1214,193,168
North America,US,Missouri,2020-04-25,8654,4827,835,1295,210,176
North America,US,Missouri,2020-04-26,9206,5049,876,1378,226,184
North America,US,Missouri,2020-04-27,9765,5264,917,1462,244,192
North America,US,Missouri,2020-04-28,10330,5471,957,1547,262,199
North America,US,Missouri,2020-04-29,10901,5670,996,1632,281,206
North America,US,Missouri,2020-04-30,11474,5859,1033,1718,300,213
North America,US,Missouri,2020-05-01,12046,6035,1069,1804,319,219
North America,US,Missouri,2020-05-02,12617,6199,1103,1890,339,225
North America,US,Missouri,2020-05-03,13186,6349,1134,1975,359,230
North America,US,Missouri,2020-05-04,13750,6487,1164,2060,380,235
North America,US,Missouri,2020-05-05,14310,6611,1192,2144,401,239
North America,US,Missouri,2020-05-06,14863,6721,1217,2227,422,243
North America,US,Missouri,2020-05-07,15408,6816,1240,2309,443,246
North America,US,Missouri,2020-05-08,15944,6896,1261,2389,464,249
North America,US,Missouri,2020-05-09,16469,6962,1279,2468,485,251
North America,US,Missouri,2020-05-10,16984,7013,1295,2545,507,252
North America,US,Missouri,2020-05-11,17486,7049,1308,2620,528,253
North America,US,Missouri,2020-05-12,17976,7070,1319,2694,549,254
North America,US,Missouri,2020-05-13,18451,7077,1327,2765,570,254
North America,US,Missouri,2020-05-14,18913,7070,1333,2834,590,253
North America,US,Missouri,2020-05-15,19361,7051,1337,2901,611,252
North America,US,Missouri,2020-05-16,19794,7019,1338,2966,631,251
North America,US,Missouri,2020-05-17,20213,6975,1338,3029,651,249
North America,US,Missouri,2020-05-18,20616,6919,1334,3090,670,246
North America,US,Missouri,2020-05-19,21002,6851,1329,3148,689,244
North America,US,Missouri,2020-05-20,21374,6773,1322,3203,708,240
North America,US,Missouri,2020-05-21,21730,6686,1313,3257,726,237
North America,US,Missouri,2020-05-22,22072,6590,1302,3308,744,233
North America,US,Missouri,2020-05-23,22399,6487,1290,3357,761,229
North America,US,Missouri,2020-05-24,22710,6374,1276,3404,778,225
North America,US,Missouri,2020-05-25,23005,6254,1260,3448,794,220
North America,US,Missouri,2020-05-26,23286,6128,1243,3490,810,216
North America,US,Missouri,2020-05-27,23554,5998,1225,3530,826,211
North America,US,Missouri,2020-05-28,23809,5863,1205,3569,840,206
North America,US,Missouri,2020-05-29,24051,5726,1185,3605,855,200
North America,US,Missouri,2020-05-30,24280,5584,1164,3639,868,195
North America,US,Missouri,2020-05-31,24494,5437,1142,3671,882,190
North America,US,Missouri,2020-06-01,24696,5288,1119,3702,894,184
North America,US,Missouri,2020-06-02,24887,5138,1095,3730,907,178
North America,US,Missouri,2020-06-03,25067,4987,1071,3757,918,173
North America,US,Missouri,2020-06-04,25238,4837,1047,3783,930,167
North America,US,Missouri,2020-06-05,25398,4686,1022,3807,940,162
North America,US,Missouri,2020-06-06,25546,4535,997,3829,950,156
North America,US,Missouri,2020-06-07,25686,4383,971,3850,960,151
North America,US,Missouri,2020-06-08,25816,4233,946,3870,969,145
North America,US,Missouri,2020-06-09,25938,4085,920,3888,978,140
North America,US,Missouri,2020-06-10,26053,3939,895,3905,987,134
North America,US,Missouri,2020-06-11,26160,3795,869,3921,995,129
North America,US,Missouri,2020-06-12,26259,3653,844,3936,1002,124
North America,US,Missouri,2020-06-13,26351,3513,819,3950,1009,119
North America,US,Missouri,2020-06-14,26437,3376,794,3963,1016,114
North America,US,Missouri,2020-06-15,26517,3242,769,3975,1022,109
North America,US,Missouri,2020-06-16,26591,3111,745,3986,1028,104
North America,US,Missouri,2020-06-17,26660,2983,721,3996,1034,100
North America,US,Missouri,2020-06-18,26724,2859,697,4006,1039,95
North America,US,Missouri,2020-06-19,26783,2737,674,4015,1044,91
North America,US,Missouri,2020-06-20,26837,2619,651,4023,1049,87
North America,US,Missouri,2020-06-21,26888,2505,628,4030,1054,83
North America,US,Missouri,2020-06-22,26935,2395,607,4038,1058,79
North America,US,Missouri,2020-06-23,26978,2288,585,4044,1062,75
North America,US,Missouri,2020-06-24,27018,2184,564,4050,1065,71
North America,US,Missouri,2020-06-25,27054,2084,544,4055,1069,68
North America,US,Missouri,2020-06-26,27087,1987,524,4060,1072,65
North America,US,Missouri,2020-06-27,27118,1894,504,4065,1075,61
North America,US,Missouri,2020-06-28,27147,1805,486,4069,1078,58
North America,US,Missouri,2020-06-29,27173,1719,467,4073,1081,55
North America,US,Missouri,2020-06-30,27197,1636,449,4077,1083,52
North America,US,Missouri,2020-07-01,27219,1557,432,4080,1085,50
North America,US,Missouri,2020-07-02,27239,1481,415,4083,1088,47
North America,US,Missouri,2020-07-03,27258,1407,399,4086,1090,44
North America,US,Missouri,2020-07-04,27274,1337,383,4088,1091,42
North America,US,Missouri,2020-07-05,27290,1271,368,4091,1093,40
North America,US,Missouri,2020-07-06,27304,1207,354,4093,1095,38
North America,US,Missouri,2020-07-07,27317,1145,339,4095,1096,36
North America,US,Missouri,2020-07-08,27329,1087,326,4097,1098,34
North America,US,Missouri,2020-07-09,27339,1031,312,4098,1099,32
North America,US,Missouri,2020-07-10,27349,978,300,4100,1100,30
North America,US,Missouri,2020-07-11,27358,927,287,4101,1101,28
North America,US,Missouri,2020-07-12,27366,879,275,4102,1102,27
North America,US,Missouri,2020-07-13,27374,832,264,4103,1103,25
North America,US,Missouri,2020-07-14,27380,789,253,4104,1104,24
North America,US,Missouri,2020-07-15,27386,747,242,4105,1105,22
North America,US,Missouri,2020-07-16,27392,707,232,4106,1105,21
North America,US,Missouri,2020-07-17,27397,669,222,4107,1106,20
North America,US,Missouri,2020-07-18,27401,634,213,4108,1107,19
North America,US,Missouri,2020-07-19,27406,600,204,4108,1107,17
North America,US,Missouri,2020-07-20,27409,567,195,4109,1108,16
North America,US,Missouri,2020-07-21,27413,537,187,4109,1108,15
North America,US,Missouri,2020-07-22,27416,508,179,4110,1109,15
North America,US,Missouri,2020-07-23,27419,480,171,4110,1109,14
North America,US,Missouri,2020-07-24,27421,454,164,4110,1110,13
North America,US,Missouri,2020-07-25,27423,429,157,4111,1110,12
North America,US,Missouri,2020-07-26,27425,406,150,4111,1110,11
North America,US,Missouri,2020-07-27,27427,383,143,4111,1111,11
North America,US,Missouri,2020-07-28,27429,362,137,4112,1111,10
North America,US,Missouri,2020-07-29,27430,342,131,4112,1111,9
North America,US,Missouri,2020-07-30,27432,324,125,4112,1111,9
North America,US,Missouri,2020-07-31,27433,306,120,4112,1112,8
North America,US,Missouri,2020-08-01,27434,289,115,4112,1112,8
North America,US,Missouri,2020-08-02,27435,273,109,4113,1112,7
North America,US,Missouri,2020-08-03,27436,258,105,4113,1112,7
North America,US,Missouri,2020-08-04,27437,244,100,4113,1112,6
North America,US,Missouri,2020-08-05,27437,230,96,4113,1112,6
North America,US,Missouri,2020-08-06,27438,217,91,4113,1113,6
North America,US,Missouri,2020-08-07,27439,205,87,4113,1113,5
North America,US,Missouri,2020-08-08,27439,194,83,4113,1113,5
North America,US,Missouri,2020-08-09,27440,183,80,4113,1113,5
North America,US,Missouri,2020-08-10,27440,173,76,4113,1113,4
North America,US,Missouri,2020-08-11,27441,163,73,4113,1113,4
North America,US,Missouri,2020-08-12,27441,154,70,4113,1113,4
North America,US,Missouri,2020-08-13,27441,146,66,4113,1113,3
North America,US,Missouri,2020-08-14,27441,138,63,4114,1113,3
North America,US,Missouri,2020-08-15,27442,130,61,4114,1113,3
North America,US,Missouri,2020-08-16,27442,123,58,4114,1113,3
North America,US,Missouri,2020-08-17,27442,116,55,4114,1113,3
North America,US,Missouri,2020-08-18,27442,110,53,4114,1113,3
North America,US,Missouri,2020-08-19,27442,104,51,4114,1113,2
North America,US,Missouri,2020-08-20,27443,98,48,4114,1113,2
North America,US,Missouri,2020-08-21,27443,93,46,4114,1113,2
North America,US,Missouri,2020-08-22,27443,87,44,4114,1113,2
North America,US,Missouri,2020-08-23,27443,83,42,4114,1114,2
North America,US,Missouri,2020-08-24,27443,78,40,4114,1114,2
North America,US,Missouri,2020-08-25,27443,74,38,4114,1114,2
North America,US,Missouri,2020-08-26,27443,70,37,4114,1114,1
North America,US,Missouri,2020-08-27,27443,66,35,4114,1114,1
North America,US,Missouri,2020-08-28,27443,62,33,4114,1114,1
North America,US,Missouri,2020-08-29,27443,59,32,4114,1114,1
North America,US,Missouri,2020-08-30,27443,56,30,4114,1114,1
North America,US,Missouri,2020-08-31,27443,53,29,4114,1114,1
North America,US,Missouri,2020-09-01,27443,50,28,4114,1114,1
North America,US,Montana,2020-03-27,109,103,15,15,1,4
North America,US,Montana,2020-03-28,112,100,15,16,1,4
North America,US,Montana,2020-03-29,116,97,15,16,1,4
North America,US,Montana,2020-03-30,119,94,15,17,1,3
North America,US,Montana,2020-03-31,123,92,15,18,1,3
North America,US,Montana,2020-04-01,128,91,15,18,1,3
North America,US,Montana,2020-04-02,134,90,15,19,2,3
North America,US,Montana,2020-04-03,140,91,15,20,2,3
North America,US,Montana,2020-04-04,147,92,16,21,2,3
North America,US,Montana,2020-04-05,155,94,16,22,2,3
North America,US,Montana,2020-04-06,165,97,17,24,2,4
North America,US,Montana,2020-04-07,175,101,18,25,2,4
North America,US,Montana,2020-04-08,187,106,18,27,2,4
North America,US,Montana,2020-04-09,200,112,19,29,2,4
North America,US,Montana,2020-04-10,214,119,21,31,2,4
North America,US,Montana,2020-04-11,230,127,22,34,3,5
North America,US,Montana,2020-04-12,247,135,24,36,3,5
North America,US,Montana,2020-04-13,265,145,25,39,3,5
North America,US,Montana,2020-04-14,286,155,27,42,3,6
North America,US,Montana,2020-04-15,307,166,29,45,3,6
North America,US,Montana,2020-04-16,330,178,31,49,3,6
North America,US,Montana,2020-04-17,354,190,33,52,4,7
North America,US,Montana,2020-04-18,380,203,35,56,4,7
North America,US,Montana,2020-04-19,407,217,38,60,4,8
North America,US,Montana,2020-04-20,435,230,40,64,4,8
North America,US,Montana,2020-04-21,465,245,43,69,4,9
North America,US,Montana,2020-04-22,495,259,45,73,5,9
North America,US,Montana,2020-04-23,527,273,48,78,5,10
North America,US,Montana,2020-04-24,560,287,50,83,5,10
North America,US,Montana,2020-04-25,593,302,53,88,6,11
North America,US,Montana,2020-04-26,627,316,56,93,6,11
North America,US,Montana,2020-04-27,662,329,58,98,6,12
North America,US,Montana,2020-04-28,697,343,61,104,7,12
North America,US,Montana,2020-04-29,732,355,63,109,7,13
North America,US,Montana,2020-04-30,768,368,66,114,7,13
North America,US,Montana,2020-05-01,804,380,68,120,8,14
North America,US,Montana,2020-05-02,840,391,70,125,8,14
North America,US,Montana,2020-05-03,876,401,72,130,9,14
North America,US,Montana,2020-05-04,911,410,74,136,9,15
North America,US,Montana,2020-05-05,947,419,76,141,10,15
North America,US,Montana,2020-05-06,982,426,78,146,10,15
North America,US,Montana,2020-05-07,1016,433,79,152,11,16
North America,US,Montana,2020-05-08,1050,439,81,157,11,16
North America,US,Montana,2020-05-09,1084,444,82,162,11,16
North America,US,Montana,2020-05-10,1117,448,83,167,12,16
North America,US,Montana,2020-05-11,1149,451,84,171,12,16
North America,US,Montana,2020-05-12,1180,453,85,176,13,16
North America,US,Montana,2020-05-13,1211,454,85,181,14,16
North America,US,Montana,2020-05-14,1240,454,86,185,14,16
North America,US,Montana,2020-05-15,1269,454,86,189,15,16
North America,US,Montana,2020-05-16,1296,452,86,194,15,16
North America,US,Montana,2020-05-17,1323,450,86,198,16,16
North America,US,Montana,2020-05-18,1349,447,86,201,16,16
North America,US,Montana,2020-05-19,1374,443,86,205,17,16
North America,US,Montana,2020-05-20,1398,438,86,209,17,16
North America,US,Montana,2020-05-21,1420,433,85,212,18,15
North America,US,Montana,2020-05-22,1442,427,84,215,18,15
North America,US,Montana,2020-05-23,1463,421,84,219,19,15
North America,US,Montana,2020-05-24,1483,414,83,222,19,15
North America,US,Montana,2020-05-25,1502,406,82,224,20,14
North America,US,Montana,2020-05-26,1520,398,81,227,20,14
North America,US,Montana,2020-05-27,1537,390,80,230,21,14
North America,US,Montana,2020-05-28,1553,382,78,232,21,13
North America,US,Montana,2020-05-29,1569,373,77,234,21,13
North America,US,Montana,2020-05-30,1583,364,76,237,22,13
North America,US,Montana,2020-05-31,1597,354,74,239,22,12
North America,US,Montana,2020-06-01,1610,345,73,241,23,12
North America,US,Montana,2020-06-02,1622,335,71,242,23,12
North America,US,Montana,2020-06-03,1633,325,70,244,24,11
North America,US,Montana,2020-06-04,1644,316,68,246,24,11
North America,US,Montana,2020-06-05,1654,306,67,247,24,11
North America,US,Montana,2020-06-06,1664,296,65,249,25,10
North America,US,Montana,2020-06-07,1672,286,63,250,25,10
North America,US,Montana,2020-06-08,1681,277,62,251,26,9
North America,US,Montana,2020-06-09,1688,267,60,252,26,9
North America,US,Montana,2020-06-10,1695,257,58,253,26,9
North America,US,Montana,2020-06-11,1702,248,57,254,27,8
North America,US,Montana,2020-06-12,1708,239,55,255,27,8
North America,US,Montana,2020-06-13,1714,230,53,256,27,8
North America,US,Montana,2020-06-14,1719,221,52,257,27,7
North America,US,Montana,2020-06-15,1724,212,50,258,28,7
North America,US,Montana,2020-06-16,1729,203,49,258,28,7
North America,US,Montana,2020-06-17,1733,195,47,259,28,7
North America,US,Montana,2020-06-18,1737,187,45,260,29,6
North America,US,Montana,2020-06-19,1741,179,44,260,29,6
North America,US,Montana,2020-06-20,1744,171,42,261,29,6
North America,US,Montana,2020-06-21,1747,164,41,261,29,5
North America,US,Montana,2020-06-22,1750,157,40,262,30,5
North America,US,Montana,2020-06-23,1753,150,38,262,30,5
North America,US,Montana,2020-06-24,1755,143,37,262,30,5
North America,US,Montana,2020-06-25,1758,136,35,263,30,4
North America,US,Montana,2020-06-26,1760,130,34,263,30,4
North America,US,Montana,2020-06-27,1761,124,33,263,31,4
North America,US,Montana,2020-06-28,1763,118,32,264,31,4
North America,US,Montana,2020-06-29,1765,112,30,264,31,4
North America,US,Montana,2020-06-30,1766,107,29,264,31,3
North America,US,Montana,2020-07-01,1768,102,28,264,31,3
North America,US,Montana,2020-07-02,1769,97,27,264,31,3
North America,US,Montana,2020-07-03,1770,92,26,265,32,3
North America,US,Montana,2020-07-04,1771,87,25,265,32,3
North America,US,Montana,2020-07-05,1772,83,24,265,32,3
North America,US,Montana,2020-07-06,1773,79,23,265,32,2
North America,US,Montana,2020-07-07,1773,75,22,265,32,2
North America,US,Montana,2020-07-08,1774,71,21,265,32,2
North America,US,Montana,2020-07-09,1775,67,20,265,32,2
North America,US,Montana,2020-07-10,1775,64,19,265,32,2
North America,US,Montana,2020-07-11,1776,61,19,265,32,2
North America,US,Montana,2020-07-12,1776,57,18,266,33,2
North America,US,Montana,2020-07-13,1777,54,17,266,33,2
North America,US,Montana,2020-07-14,1777,52,16,266,33,2
North America,US,Montana,2020-07-15,1777,49,16,266,33,1
North America,US,Montana,2020-07-16,1778,46,15,266,33,1
North America,US,Montana,2020-07-17,1778,44,14,266,33,1
North America,US,Montana,2020-07-18,1778,41,14,266,33,1
North America,US,Montana,2020-07-19,1779,39,13,266,33,1
North America,US,Montana,2020-07-20,1779,37,13,266,33,1
North America,US,Montana,2020-07-21,1779,35,12,266,33,1
North America,US,Montana,2020-07-22,1779,33,12,266,33,1
North America,US,Montana,2020-07-23,1779,31,11,266,33,1
North America,US,Montana,2020-07-24,1780,30,11,266,33,1
North America,US,Montana,2020-07-25,1780,28,10,266,33,1
North America,US,Montana,2020-07-26,1780,27,10,266,34,1
North America,US,Montana,2020-07-27,1780,25,9,266,34,1
North America,US,Montana,2020-07-28,1780,24,9,266,34,1
North America,US,Montana,2020-07-29,1780,22,8,266,34,1
North America,US,Montana,2020-07-30,1780,21,8,266,34,1
North America,US,Montana,2020-07-31,1780,20,8,266,34,1
North America,US,Montana,2020-08-01,1780,19,7,266,34,1
North America,US,Montana,2020-08-02,1780,18,7,266,34,0
North America,US,Montana,2020-08-03,1780,17,7,266,34,0
North America,US,Montana,2020-08-04,1780,16,6,266,34,0
North America,US,Montana,2020-08-05,1780,15,6,266,34,0
North America,US,Montana,2020-08-06,1780,14,6,266,34,0
North America,US,Montana,2020-08-07,1780,13,6,266,34,0
North America,US,Montana,2020-08-08,1781,13,5,266,34,0
North America,US,Montana,2020-08-09,1781,12,5,266,34,0
North America,US,Montana,2020-08-10,1781,11,5,266,34,0
North America,US,Montana,2020-08-11,1781,11,5,266,34,0
North America,US,Montana,2020-08-12,1781,10,5,266,34,0
North America,US,Montana,2020-08-13,1781,10,4,266,34,0
North America,US,Montana,2020-08-14,1781,9,4,266,34,0
North America,US,Montana,2020-08-15,1781,9,4,266,34,0
North America,US,Montana,2020-08-16,1781,8,4,266,34,0
North America,US,Montana,2020-08-17,1781,8,4,266,34,0
North America,US,Montana,2020-08-18,1781,7,3,266,34,0
North America,US,Montana,2020-08-19,1781,7,3,266,34,0
North America,US,Montana,2020-08-20,1781,6,3,266,34,0
North America,US,Montana,2020-08-21,1781,6,3,266,34,0
North America,US,Montana,2020-08-22,1781,6,3,266,34,0
North America,US,Montana,2020-08-23,1781,5,3,266,34,0
North America,US,Montana,2020-08-24,1781,5,3,266,34,0
North America,US,Montana,2020-08-25,1781,5,2,266,34,0
North America,US,Montana,2020-08-26,1781,5,2,266,34,0
North America,US,Montana,2020-08-27,1781,4,2,266,34,0
North America,US,Montana,2020-08-28,1781,4,2,266,34,0
North America,US,Montana,2020-08-29,1781,4,2,266,34,0
North America,US,Montana,2020-08-30,1781,4,2,266,34,0
North America,US,Montana,2020-08-31,1781,3,2,266,34,0
North America,US,Montana,2020-09-01,1781,3,2,266,34,0
North America,US,Nebraska,2020-03-29,108,96,14,14,2,4
North America,US,Nebraska,2020-03-30,114,96,15,15,2,4
North America,US,Nebraska,2020-03-31,121,96,15,16,2,4
North America,US,Nebraska,2020-04-01,128,97,15,17,2,4
North America,US,Nebraska,2020-04-02,137,99,16,19,3,4
North America,US,Nebraska,2020-04-03,147,103,17,20,3,4
North America,US,Nebraska,2020-04-04,160,109,18,22,3,4
North America,US,Nebraska,2020-04-05,176,118,19,25,3,4
North America,US,Nebraska,2020-04-06,196,129,21,28,3,5
North America,US,Nebraska,2020-04-07,220,144,24,31,3,5
North America,US,Nebraska,2020-04-08,248,163,27,35,4,6
North America,US,Nebraska,2020-04-09,282,185,31,40,4,7
North America,US,Nebraska,2020-04-10,322,213,35,47,4,8
North America,US,Nebraska,2020-04-11,370,245,41,54,4,9
North America,US,Nebraska,2020-04-12,425,283,47,62,5,10
North America,US,Nebraska,2020-04-13,489,327,54,72,5,12
North America,US,Nebraska,2020-04-14,563,378,62,83,6,14
North America,US,Nebraska,2020-04-15,647,436,72,95,6,16
North America,US,Nebraska,2020-04-16,742,500,83,110,7,18
North America,US,Nebraska,2020-04-17,850,573,95,126,7,21
North America,US,Nebraska,2020-04-18,971,654,108,144,8,24
North America,US,Nebraska,2020-04-19,1106,743,123,164,9,27
North America,US,Nebraska,2020-04-20,1255,841,139,186,10,31
North America,US,Nebraska,2020-04-21,1419,946,157,211,11,35
North America,US,Nebraska,2020-04-22,1599,1060,176,238,12,39
North America,US,Nebraska,2020-04-23,1795,1183,197,267,14,44
North America,US,Nebraska,2020-04-24,2007,1314,219,299,15,48
North America,US,Nebraska,2020-04-25,2236,1452,243,334,17,53
North America,US,Nebraska,2020-04-26,2480,1596,268,370,19,59
North America,US,Nebraska,2020-04-27,2742,1749,294,409,21,64
North America,US,Nebraska,2020-04-28,3021,1908,321,451,23,70
North America,US,Nebraska,2020-04-29,3315,2072,350,495,25,76
North America,US,Nebraska,2020-04-30,3624,2240,379,542,28,82
North America,US,Nebraska,2020-05-01,3948,2412,409,590,30,88
North America,US,Nebraska,2020-05-02,4287,2588,441,641,33,95
North America,US,Nebraska,2020-05-03,4641,2767,472,694,36,101
North America,US,Nebraska,2020-05-04,5007,2946,505,749,39,108
North America,US,Nebraska,2020-05-05,5384,3125,537,806,43,114
North America,US,Nebraska,2020-05-06,5772,3303,569,864,46,121
North America,US,Nebraska,2020-05-07,6170,3479,602,924,50,127
North America,US,Nebraska,2020-05-08,6577,3654,634,985,54,133
North America,US,Nebraska,2020-05-09,6993,3826,666,1047,58,139
North America,US,Nebraska,2020-05-10,7415,3993,698,1110,62,145
North America,US,Nebraska,2020-05-11,7841,4153,729,1174,67,151
North America,US,Nebraska,2020-05-12,8271,4307,759,1239,71,157
North America,US,Nebraska,2020-05-13,8704,4454,788,1304,76,162
North America,US,Nebraska,2020-05-14,9139,4595,816,1369,80,167
North America,US,Nebraska,2020-05-15,9576,4727,843,1435,85,171
North America,US,Nebraska,2020-05-16,10011,4851,868,1500,90,176
North America,US,Nebraska,2020-05-17,10444,4964,892,1565,95,180
North America,US,Nebraska,2020-05-18,10873,5067,915,1629,100,183
North America,US,Nebraska,2020-05-19,11299,5159,936,1693,106,186
North America,US,Nebraska,2020-05-20,11721,5243,955,1756,111,189
North America,US,Nebraska,2020-05-21,12138,5316,973,1819,116,192
North America,US,Nebraska,2020-05-22,12548,5378,989,1880,121,194
North America,US,Nebraska,2020-05-23,12950,5429,1003,1941,127,195
North America,US,Nebraska,2020-05-24,13344,5469,1015,2000,132,196
North America,US,Nebraska,2020-05-25,13730,5498,1026,2058,137,197
North America,US,Nebraska,2020-05-26,14106,5516,1034,2114,143,198
North America,US,Nebraska,2020-05-27,14473,5525,1041,2169,148,198
North America,US,Nebraska,2020-05-28,14830,5523,1046,2223,153,197
North America,US,Nebraska,2020-05-29,15176,5511,1049,2275,159,197
North America,US,Nebraska,2020-05-30,15511,5489,1051,2325,164,196
North America,US,Nebraska,2020-05-31,15836,5459,1051,2374,169,194
North America,US,Nebraska,2020-06-01,16151,5421,1049,2421,174,193
North America,US,Nebraska,2020-06-02,16454,5374,1046,2466,179,191
North America,US,Nebraska,2020-06-03,16746,5320,1042,2510,184,189
North America,US,Nebraska,2020-06-04,17025,5257,1035,2552,189,186
North America,US,Nebraska,2020-06-05,17293,5187,1028,2592,194,183
North America,US,Nebraska,2020-06-06,17549,5110,1019,2631,199,181
North America,US,Nebraska,2020-06-07,17796,5028,1008,2668,203,177
North America,US,Nebraska,2020-06-08,18031,4942,997,2703,208,174
North America,US,Nebraska,2020-06-09,18257,4851,985,2737,212,171
North America,US,Nebraska,2020-06-10,18470,4754,972,2769,216,167
North America,US,Nebraska,2020-06-11,18673,4653,957,2799,221,163
North America,US,Nebraska,2020-06-12,18866,4549,942,2828,225,159
North America,US,Nebraska,2020-06-13,19049,4443,926,2856,229,155
North America,US,Nebraska,2020-06-14,19224,4334,910,2882,232,151
North America,US,Nebraska,2020-06-15,19389,4224,893,2907,236,147
North America,US,Nebraska,2020-06-16,19544,4111,875,2930,240,143
North America,US,Nebraska,2020-06-17,19691,3997,857,2952,243,139
North America,US,Nebraska,2020-06-18,19829,3881,838,2973,247,134
North America,US,Nebraska,2020-06-19,19960,3766,820,2992,250,130
North America,US,Nebraska,2020-06-20,20083,3651,801,3011,253,126
North America,US,Nebraska,2020-06-21,20199,3537,781,3028,256,122
North America,US,Nebraska,2020-06-22,20308,3423,762,3044,259,117
North America,US,Nebraska,2020-06-23,20409,3308,742,3060,262,113
North America,US,Nebraska,2020-06-24,20505,3195,723,3074,264,109
North America,US,Nebraska,2020-06-25,20594,3083,703,3087,267,105
North America,US,Nebraska,2020-06-26,20678,2973,683,3100,270,101
North America,US,Nebraska,2020-06-27,20756,2865,664,3112,272,97
North America,US,Nebraska,2020-06-28,20829,2759,645,3123,274,93
North America,US,Nebraska,2020-06-29,20897,2654,625,3133,277,89
North America,US,Nebraska,2020-06-30,20961,2551,606,3142,279,86
North America,US,Nebraska,2020-07-01,21019,2450,587,3151,281,82
North America,US,Nebraska,2020-07-02,21074,2352,569,3159,283,79
North America,US,Nebraska,2020-07-03,21126,2257,551,3167,284,75
North America,US,Nebraska,2020-07-04,21173,2164,533,3174,286,72
North America,US,Nebraska,2020-07-05,21217,2073,515,3181,288,69
North America,US,Nebraska,2020-07-06,21258,1985,498,3187,289,66
North America,US,Nebraska,2020-07-07,21296,1899,481,3193,291,63
North America,US,Nebraska,2020-07-08,21331,1817,464,3198,292,60
North America,US,Nebraska,2020-07-09,21363,1737,448,3203,294,57
North America,US,Nebraska,2020-07-10,21393,1659,432,3207,295,54
North America,US,Nebraska,2020-07-11,21421,1584,416,3211,296,52
North America,US,Nebraska,2020-07-12,21446,1512,401,3215,298,49
North America,US,Nebraska,2020-07-13,21470,1442,387,3219,299,47
North America,US,Nebraska,2020-07-14,21491,1375,372,3222,300,44
North America,US,Nebraska,2020-07-15,21511,1310,358,3225,301,42
North America,US,Nebraska,2020-07-16,21530,1248,345,3228,302,40
North America,US,Nebraska,2020-07-17,21547,1189,332,3230,303,38
North America,US,Nebraska,2020-07-18,21562,1131,319,3233,304,36
North America,US,Nebraska,2020-07-19,21576,1076,307,3235,304,34
North America,US,Nebraska,2020-07-20,21589,1023,295,3237,305,32
North America,US,Nebraska,2020-07-21,21601,973,283,3238,306,30
North America,US,Nebraska,2020-07-22,21612,925,272,3240,307,29
North America,US,Nebraska,2020-07-23,21623,878,261,3242,307,27
North America,US,Nebraska,2020-07-24,21632,834,251,3243,308,26
North America,US,Nebraska,2020-07-25,21640,792,240,3244,309,24
North America,US,Nebraska,2020-07-26,21648,752,231,3245,309,23
North America,US,Nebraska,2020-07-27,21655,713,221,3246,310,22
North America,US,Nebraska,2020-07-28,21661,676,212,3247,310,20
North America,US,Nebraska,2020-07-29,21667,641,203,3248,311,19
North America,US,Nebraska,2020-07-30,21673,608,195,3249,311,18
North America,US,Nebraska,2020-07-31,21677,576,187,3250,312,17
North America,US,Nebraska,2020-08-01,21682,546,179,3250,312,16
North America,US,Nebraska,2020-08-02,21686,517,172,3251,312,15
North America,US,Nebraska,2020-08-03,21690,490,164,3252,313,14
North America,US,Nebraska,2020-08-04,21693,464,157,3252,313,14
North America,US,Nebraska,2020-08-05,21696,439,151,3253,313,13
North America,US,Nebraska,2020-08-06,21699,416,144,3253,314,12
North America,US,Nebraska,2020-08-07,21701,394,138,3253,314,11
North America,US,Nebraska,2020-08-08,21703,373,132,3254,314,11
North America,US,Nebraska,2020-08-09,21706,352,127,3254,314,10
North America,US,Nebraska,2020-08-10,21707,333,121,3254,315,9
North America,US,Nebraska,2020-08-11,21709,315,116,3255,315,9
North America,US,Nebraska,2020-08-12,21711,298,111,3255,315,8
North America,US,Nebraska,2020-08-13,21712,282,106,3255,315,8
North America,US,Nebraska,2020-08-14,21713,267,101,3255,316,7
North America,US,Nebraska,2020-08-15,21714,252,97,3255,316,7
North America,US,Nebraska,2020-08-16,21715,238,93,3256,316,6
North America,US,Nebraska,2020-08-17,21716,225,89,3256,316,6
North America,US,Nebraska,2020-08-18,21717,213,85,3256,316,6
North America,US,Nebraska,2020-08-19,21718,201,81,3256,316,5
North America,US,Nebraska,2020-08-20,21719,190,78,3256,316,5
North America,US,Nebraska,2020-08-21,21719,180,74,3256,317,5
North America,US,Nebraska,2020-08-22,21720,170,71,3256,317,4
North America,US,Nebraska,2020-08-23,21720,161,68,3256,317,4
North America,US,Nebraska,2020-08-24,21721,152,65,3256,317,4
North America,US,Nebraska,2020-08-25,21721,143,62,3256,317,4
North America,US,Nebraska,2020-08-26,21722,136,59,3256,317,3
North America,US,Nebraska,2020-08-27,21722,128,56,3256,317,3
North America,US,Nebraska,2020-08-28,21722,121,54,3257,317,3
North America,US,Nebraska,2020-08-29,21722,114,52,3257,317,3
North America,US,Nebraska,2020-08-30,21723,108,49,3257,317,3
North America,US,Nebraska,2020-08-31,21723,102,47,3257,317,2
North America,US,Nebraska,2020-09-01,21723,96,45,3257,317,2
North America,US,Nevada,2020-03-20,161,149,22,22,2,6
North America,US,Nevada,2020-03-21,281,256,39,40,2,10
North America,US,Nevada,2020-03-22,400,355,55,58,3,13
North America,US,Nevada,2020-03-23,526,454,71,77,3,17
North America,US,Nevada,2020-03-24,665,560,88,98,4,21
North America,US,Nevada,2020-03-25,818,673,106,121,5,25
North America,US,Nevada,2020-03-26,989,797,127,147,6,30
North America,US,Nevada,2020-03-27,1180,931,149,175,7,35
North America,US,Nevada,2020-03-28,1391,1076,173,207,8,40
North America,US,Nevada,2020-03-29,1623,1234,199,242,10,46
North America,US,Nevada,2020-03-30,1878,1402,228,280,12,52
North America,US,Nevada,2020-03-31,2154,1582,258,321,14,58
North America,US,Nevada,2020-04-01,2454,1773,290,366,16,65
North America,US,Nevada,2020-04-02,2777,1974,324,415,19,73
North America,US,Nevada,2020-04-03,3123,2185,360,467,22,80
North America,US,Nevada,2020-04-04,3491,2403,398,522,25,88
North America,US,Nevada,2020-04-05,3879,2628,437,580,29,97
North America,US,Nevada,2020-04-06,4289,2860,477,642,33,105
North America,US,Nevada,2020-04-07,4720,3097,519,706,37,114
North America,US,Nevada,2020-04-08,5168,3336,561,773,42,122
North America,US,Nevada,2020-04-09,5633,3576,604,843,47,131
North America,US,Nevada,2020-04-10,6112,3815,647,915,53,140
North America,US,Nevada,2020-04-11,6605,4052,690,989,58,148
North America,US,Nevada,2020-04-12,7111,4288,733,1065,65,157
North America,US,Nevada,2020-04-13,7626,4518,775,1142,71,165
North America,US,Nevada,2020-04-14,8149,4740,817,1221,78,173
North America,US,Nevada,2020-04-15,8677,4954,857,1300,85,181
North America,US,Nevada,2020-04-16,9209,5158,896,1380,93,188
North America,US,Nevada,2020-04-17,9743,5351,934,1460,101,195
North America,US,Nevada,2020-04-18,10278,5534,970,1540,109,201
North America,US,Nevada,2020-04-19,10811,5703,1004,1620,117,207
North America,US,Nevada,2020-04-20,11341,5858,1037,1699,126,213
North America,US,Nevada,2020-04-21,11865,5998,1066,1778,135,218
North America,US,Nevada,2020-04-22,12382,6123,1094,1856,145,222
North America,US,Nevada,2020-04-23,12891,6232,1119,1932,154,226
North America,US,Nevada,2020-04-24,13391,6326,1142,2007,164,229
North America,US,Nevada,2020-04-25,13880,6403,1162,2080,174,231
North America,US,Nevada,2020-04-26,14357,6464,1179,2152,184,233
North America,US,Nevada,2020-04-27,14822,6510,1194,2222,194,235
North America,US,Nevada,2020-04-28,15275,6542,1206,2289,204,235
North America,US,Nevada,2020-04-29,15714,6558,1216,2355,214,236
North America,US,Nevada,2020-04-30,16137,6558,1223,2419,225,235
North America,US,Nevada,2020-05-01,16543,6542,1227,2480,235,234
North America,US,Nevada,2020-05-02,16934,6512,1229,2538,246,233
North America,US,Nevada,2020-05-03,17311,6470,1228,2595,256,231
North America,US,Nevada,2020-05-04,17672,6416,1226,2649,266,229
North America,US,Nevada,2020-05-05,18018,6352,1221,2701,277,226
North America,US,Nevada,2020-05-06,18348,6276,1214,2750,287,223
North America,US,Nevada,2020-05-07,18661,6187,1205,2797,297,220
North America,US,Nevada,2020-05-08,18958,6089,1194,2842,307,216
North America,US,Nevada,2020-05-09,19240,5984,1181,2884,317,212
North America,US,Nevada,2020-05-10,19509,5872,1167,2924,327,208
North America,US,Nevada,2020-05-11,19763,5753,1152,2963,337,203
North America,US,Nevada,2020-05-12,20003,5628,1135,2999,346,198
North America,US,Nevada,2020-05-13,20228,5496,1116,3032,356,193
North America,US,Nevada,2020-05-14,20439,5360,1097,3064,365,188
North America,US,Nevada,2020-05-15,20638,5220,1076,3094,374,183
North America,US,Nevada,2020-05-16,20826,5078,1055,3122,383,177
North America,US,Nevada,2020-05-17,21002,4934,1033,3148,391,172
North America,US,Nevada,2020-05-18,21166,4788,1011,3173,400,167
North America,US,Nevada,2020-05-19,21319,4640,987,3196,408,161
North America,US,Nevada,2020-05-20,21461,4491,963,3217,416,156
North America,US,Nevada,2020-05-21,21594,4342,939,3237,424,150
North America,US,Nevada,2020-05-22,21719,4194,915,3256,432,145
North America,US,Nevada,2020-05-23,21835,4048,891,3273,439,139
North America,US,Nevada,2020-05-24,21942,3903,866,3289,446,134
North America,US,Nevada,2020-05-25,22041,3758,841,3304,453,129
North America,US,Nevada,2020-05-26,22132,3615,817,3318,460,123
North America,US,Nevada,2020-05-27,22217,3475,792,3331,466,118
North America,US,Nevada,2020-05-28,22296,3338,768,3343,473,113
North America,US,Nevada,2020-05-29,22369,3203,744,3354,479,109
North America,US,Nevada,2020-05-30,22436,3072,720,3364,485,104
North America,US,Nevada,2020-05-31,22498,2943,696,3373,491,99
North America,US,Nevada,2020-06-01,22554,2817,673,3381,496,95
North America,US,Nevada,2020-06-02,22606,2695,650,3389,501,90
North America,US,Nevada,2020-06-03,22654,2577,628,3396,506,86
North America,US,Nevada,2020-06-04,22698,2462,606,3403,511,82
North America,US,Nevada,2020-06-05,22739,2351,585,3409,516,78
North America,US,Nevada,2020-06-06,22775,2244,564,3415,521,74
North America,US,Nevada,2020-06-07,22809,2139,543,3420,525,70
North America,US,Nevada,2020-06-08,22840,2039,523,3424,529,67
North America,US,Nevada,2020-06-09,22868,1942,503,3428,533,63
North America,US,Nevada,2020-06-10,22894,1850,484,3432,537,60
North America,US,Nevada,2020-06-11,22917,1760,466,3436,541,57
North America,US,Nevada,2020-06-12,22939,1674,448,3439,544,54
North America,US,Nevada,2020-06-13,22958,1592,431,3442,548,51
North America,US,Nevada,2020-06-14,22976,1513,414,3445,551,48
North America,US,Nevada,2020-06-15,22992,1437,397,3447,554,46
North America,US,Nevada,2020-06-16,23007,1364,381,3449,557,43
North America,US,Nevada,2020-06-17,23020,1295,366,3451,560,41
North America,US,Nevada,2020-06-18,23032,1229,351,3453,563,39
North America,US,Nevada,2020-06-19,23043,1166,337,3455,566,37
North America,US,Nevada,2020-06-20,23053,1105,323,3456,568,34
North America,US,Nevada,2020-06-21,23062,1048,310,3457,570,33
North America,US,Nevada,2020-06-22,23070,993,297,3459,573,31
North America,US,Nevada,2020-06-23,23077,940,285,3460,575,29
North America,US,Nevada,2020-06-24,23084,891,273,3461,577,27
North America,US,Nevada,2020-06-25,23090,843,261,3462,579,26
North America,US,Nevada,2020-06-26,23095,798,250,3462,581,24
North America,US,Nevada,2020-06-27,23100,756,240,3463,583,23
North America,US,Nevada,2020-06-28,23104,715,229,3464,585,21
North America,US,Nevada,2020-06-29,23108,676,220,3464,586,20
North America,US,Nevada,2020-06-30,23112,640,210,3465,588,19
North America,US,Nevada,2020-07-01,23115,605,201,3465,589,18
North America,US,Nevada,2020-07-02,23118,572,193,3466,591,17
North America,US,Nevada,2020-07-03,23120,541,184,3466,592,16
North America,US,Nevada,2020-07-04,23123,511,176,3467,594,15
North America,US,Nevada,2020-07-05,23125,483,169,3467,595,14
North America,US,Nevada,2020-07-06,23126,457,161,3467,596,13
North America,US,Nevada,2020-07-07,23128,432,154,3467,597,12
North America,US,Nevada,2020-07-08,23130,408,147,3468,598,11
North America,US,Nevada,2020-07-09,23131,385,141,3468,599,11
North America,US,Nevada,2020-07-10,23132,364,135,3468,600,10
North America,US,Nevada,2020-07-11,23133,344,129,3468,601,9
North America,US,Nevada,2020-07-12,23134,325,123,3468,602,9
North America,US,Nevada,2020-07-13,23135,307,118,3468,603,8
North America,US,Nevada,2020-07-14,23136,290,112,3469,604,8
North America,US,Nevada,2020-07-15,23136,274,107,3469,605,7
North America,US,Nevada,2020-07-16,23137,259,103,3469,605,7
North America,US,Nevada,2020-07-17,23138,244,98,3469,606,6
North America,US,Nevada,2020-07-18,23138,231,94,3469,607,6
North America,US,Nevada,2020-07-19,23139,218,90,3469,607,6
North America,US,Nevada,2020-07-20,23139,206,86,3469,608,5
North America,US,Nevada,2020-07-21,23139,195,82,3469,608,5
North America,US,Nevada,2020-07-22,23140,184,78,3469,609,5
North America,US,Nevada,2020-07-23,23140,174,75,3469,610,4
North America,US,Nevada,2020-07-24,23140,164,71,3469,610,4
North America,US,Nevada,2020-07-25,23140,155,68,3469,610,4
North America,US,Nevada,2020-07-26,23140,146,65,3469,611,4
North America,US,Nevada,2020-07-27,23141,138,62,3469,611,3
North America,US,Nevada,2020-07-28,23141,131,59,3469,612,3
North America,US,Nevada,2020-07-29,23141,123,57,3469,612,3
North America,US,Nevada,2020-07-30,23141,117,54,3469,613,3
North America,US,Nevada,2020-07-31,23141,110,52,3469,613,3
North America,US,Nevada,2020-08-01,23141,104,49,3469,613,2
North America,US,Nevada,2020-08-02,23141,98,47,3469,614,2
North America,US,Nevada,2020-08-03,23141,93,45,3469,614,2
North America,US,Nevada,2020-08-04,23141,88,43,3469,614,2
North America,US,Nevada,2020-08-05,23142,83,41,3469,614,2
North America,US,Nevada,2020-08-06,23142,79,39,3469,615,2
North America,US,Nevada,2020-08-07,23142,74,37,3469,615,2
North America,US,Nevada,2020-08-08,23142,70,36,3469,615,2
North America,US,Nevada,2020-08-09,23142,66,34,3469,615,1
North America,US,Nevada,2020-08-10,23142,63,33,3469,616,1
North America,US,Nevada,2020-08-11,23142,59,31,3469,616,1
North America,US,Nevada,2020-08-12,23142,56,30,3469,616,1
North America,US,Nevada,2020-08-13,23142,53,28,3469,616,1
North America,US,Nevada,2020-08-14,23142,50,27,3469,616,1
North America,US,Nevada,2020-08-15,23142,48,26,3469,617,1
North America,US,Nevada,2020-08-16,23142,45,25,3469,617,1
North America,US,Nevada,2020-08-17,23142,43,24,3469,617,1
North America,US,Nevada,2020-08-18,23142,40,23,3469,617,1
North America,US,Nevada,2020-08-19,23142,38,22,3469,617,1
North America,US,Nevada,2020-08-20,23142,36,21,3469,617,1
North America,US,Nevada,2020-08-21,23142,34,20,3469,617,1
North America,US,Nevada,2020-08-22,23142,32,19,3469,617,1
North America,US,Nevada,2020-08-23,23142,31,18,3469,618,1
North America,US,Nevada,2020-08-24,23142,29,17,3469,618,1
North America,US,Nevada,2020-08-25,23142,27,16,3469,618,0
North America,US,Nevada,2020-08-26,23142,26,16,3469,618,0
North America,US,Nevada,2020-08-27,23142,25,15,3469,618,0
North America,US,Nevada,2020-08-28,23142,23,14,3469,618,0
North America,US,Nevada,2020-08-29,23142,22,14,3469,618,0
North America,US,Nevada,2020-08-30,23142,21,13,3469,618,0
North America,US,Nevada,2020-08-31,23142,20,12,3469,618,0
North America,US,Nevada,2020-09-01,23142,19,12,3469,618,0
North America,US,New Hampshire,2020-03-23,101,95,14,14,1,4
North America,US,New Hampshire,2020-03-24,104,92,14,15,1,3
North America,US,New Hampshire,2020-03-25,107,89,14,15,2,3
North America,US,New Hampshire,2020-03-26,111,87,14,16,2,3
North America,US,New Hampshire,2020-03-27,115,86,14,16,3,3
North America,US,New Hampshire,2020-03-28,121,86,14,17,3,3
North America,US,New Hampshire,2020-03-29,127,86,14,18,3,3
North America,US,New Hampshire,2020-03-30,135,88,15,19,4,3
North America,US,New Hampshire,2020-03-31,144,92,15,21,4,3
North America,US,New Hampshire,2020-04-01,155,96,16,22,4,4
North America,US,New Hampshire,2020-04-02,167,103,17,24,5,4
North America,US,New Hampshire,2020-04-03,182,111,19,26,5,4
North America,US,New Hampshire,2020-04-04,200,121,20,29,6,4
North America,US,New Hampshire,2020-04-05,220,132,22,32,6,5
North America,US,New Hampshire,2020-04-06,242,146,25,35,7,5
North America,US,New Hampshire,2020-04-07,268,162,27,39,8,6
North America,US,New Hampshire,2020-04-08,297,180,30,44,8,7
North America,US,New Hampshire,2020-04-09,330,201,34,49,9,7
North America,US,New Hampshire,2020-04-10,367,223,38,54,10,8
North America,US,New Hampshire,2020-04-11,407,249,42,60,11,9
North America,US,New Hampshire,2020-04-12,452,276,46,67,12,10
North America,US,New Hampshire,2020-04-13,501,306,51,74,14,11
North America,US,New Hampshire,2020-04-14,554,338,57,82,15,12
North America,US,New Hampshire,2020-04-15,612,373,63,91,16,14
North America,US,New Hampshire,2020-04-16,674,410,69,100,18,15
North America,US,New Hampshire,2020-04-17,740,448,76,110,20,16
North America,US,New Hampshire,2020-04-18,811,489,82,121,22,18
North America,US,New Hampshire,2020-04-19,887,531,90,132,24,19
North America,US,New Hampshire,2020-04-20,967,576,97,144,27,21
North America,US,New Hampshire,2020-04-21,1051,621,105,157,29,23
North America,US,New Hampshire,2020-04-22,1139,667,113,170,32,24
North America,US,New Hampshire,2020-04-23,1232,714,122,184,35,26
North America,US,New Hampshire,2020-04-24,1328,763,130,198,38,28
North America,US,New Hampshire,2020-04-25,1427,811,139,213,41,30
North America,US,New Hampshire,2020-04-26,1530,860,147,229,45,31
North America,US,New Hampshire,2020-04-27,1635,908,156,244,49,33
North America,US,New Hampshire,2020-04-28,1744,956,165,261,53,35
North America,US,New Hampshire,2020-04-29,1855,1003,173,277,57,37
North America,US,New Hampshire,2020-04-30,1968,1050,182,294,62,38
North America,US,New Hampshire,2020-05-01,2083,1095,191,311,66,40
North America,US,New Hampshire,2020-05-02,2199,1138,199,329,71,41
North America,US,New Hampshire,2020-05-03,2316,1180,207,346,76,43
North America,US,New Hampshire,2020-05-04,2434,1220,215,364,81,44
North America,US,New Hampshire,2020-05-05,2552,1259,222,382,87,46
North America,US,New Hampshire,2020-05-06,2671,1295,229,400,92,47
North America,US,New Hampshire,2020-05-07,2790,1329,236,418,98,48
North America,US,New Hampshire,2020-05-08,2908,1360,243,435,104,49
North America,US,New Hampshire,2020-05-09,3026,1388,249,453,110,50
North America,US,New Hampshire,2020-05-10,3142,1414,254,470,116,51
North America,US,New Hampshire,2020-05-11,3257,1437,260,488,122,52
North America,US,New Hampshire,2020-05-12,3371,1457,264,505,128,53
North America,US,New Hampshire,2020-05-13,3483,1474,269,522,135,53
North America,US,New Hampshire,2020-05-14,3593,1489,272,538,141,54
North America,US,New Hampshire,2020-05-15,3701,1500,276,554,148,54
North America,US,New Hampshire,2020-05-16,3807,1508,278,570,154,54
North America,US,New Hampshire,2020-05-17,3910,1514,281,586,161,54
North America,US,New Hampshire,2020-05-18,4010,1517,283,601,167,54
North America,US,New Hampshire,2020-05-19,4108,1517,284,615,174,54
North America,US,New Hampshire,2020-05-20,4203,1514,285,630,181,54
North America,US,New Hampshire,2020-05-21,4296,1509,285,643,187,54
North America,US,New Hampshire,2020-05-22,4385,1501,285,657,194,54
North America,US,New Hampshire,2020-05-23,4471,1491,285,670,200,53
North America,US,New Hampshire,2020-05-24,4555,1479,284,682,207,53
North America,US,New Hampshire,2020-05-25,4635,1464,283,694,213,52
North America,US,New Hampshire,2020-05-26,4712,1448,281,706,220,51
North America,US,New Hampshire,2020-05-27,4786,1429,279,717,226,51
North America,US,New Hampshire,2020-05-28,4857,1408,277,728,232,50
North America,US,New Hampshire,2020-05-29,4925,1386,274,738,239,49
North America,US,New Hampshire,2020-05-30,4990,1363,271,748,245,48
North America,US,New Hampshire,2020-05-31,5052,1339,268,757,251,47
North America,US,New Hampshire,2020-06-01,5111,1313,264,766,257,46
North America,US,New Hampshire,2020-06-02,5167,1285,260,774,262,45
North America,US,New Hampshire,2020-06-03,5221,1257,256,782,268,44
North America,US,New Hampshire,2020-06-04,5272,1228,252,790,274,43
North America,US,New Hampshire,2020-06-05,5320,1199,247,797,279,42
North America,US,New Hampshire,2020-06-06,5366,1169,243,804,284,41
North America,US,New Hampshire,2020-06-07,5409,1138,238,810,289,40
North America,US,New Hampshire,2020-06-08,5450,1107,233,817,294,39
North America,US,New Hampshire,2020-06-09,5488,1076,228,822,299,37
North America,US,New Hampshire,2020-06-10,5524,1044,223,828,304,36
North America,US,New Hampshire,2020-06-11,5559,1013,217,833,309,35
North America,US,New Hampshire,2020-06-12,5591,982,212,838,313,34
North America,US,New Hampshire,2020-06-13,5622,950,207,842,317,33
North America,US,New Hampshire,2020-06-14,5650,919,202,847,322,32
North America,US,New Hampshire,2020-06-15,5676,888,196,851,326,31
North America,US,New Hampshire,2020-06-16,5701,857,191,854,330,29
North America,US,New Hampshire,2020-06-17,5725,827,186,858,333,28
North America,US,New Hampshire,2020-06-18,5747,797,180,861,337,27
North America,US,New Hampshire,2020-06-19,5767,768,175,864,341,26
North America,US,New Hampshire,2020-06-20,5786,739,170,867,344,25
North America,US,New Hampshire,2020-06-21,5804,711,165,870,347,24
North America,US,New Hampshire,2020-06-22,5820,683,160,872,350,23
North America,US,New Hampshire,2020-06-23,5836,656,154,874,354,22
North America,US,New Hampshire,2020-06-24,5850,630,150,877,356,21
North America,US,New Hampshire,2020-06-25,5863,604,145,879,359,20
North America,US,New Hampshire,2020-06-26,5876,579,140,880,362,19
North America,US,New Hampshire,2020-06-27,5887,554,135,882,365,19
North America,US,New Hampshire,2020-06-28,5898,531,130,884,367,18
North America,US,New Hampshire,2020-06-29,5908,508,126,885,369,17
North America,US,New Hampshire,2020-06-30,5917,486,122,887,372,16
North America,US,New Hampshire,2020-07-01,5925,464,117,888,374,15
North America,US,New Hampshire,2020-07-02,5933,443,113,889,376,15
North America,US,New Hampshire,2020-07-03,5940,423,109,890,378,14
North America,US,New Hampshire,2020-07-04,5947,404,105,891,380,13
North America,US,New Hampshire,2020-07-05,5953,385,101,892,382,13
North America,US,New Hampshire,2020-07-06,5958,367,97,893,383,12
North America,US,New Hampshire,2020-07-07,5964,350,93,894,385,11
North America,US,New Hampshire,2020-07-08,5968,333,90,894,387,11
North America,US,New Hampshire,2020-07-09,5973,317,86,895,388,10
North America,US,New Hampshire,2020-07-10,5977,302,83,896,390,10
North America,US,New Hampshire,2020-07-11,5980,287,80,896,391,9
North America,US,New Hampshire,2020-07-12,5984,273,77,897,392,9
North America,US,New Hampshire,2020-07-13,5987,260,74,897,394,8
North America,US,New Hampshire,2020-07-14,5990,247,71,898,395,8
North America,US,New Hampshire,2020-07-15,5992,234,68,898,396,7
North America,US,New Hampshire,2020-07-16,5995,223,65,898,397,7
North America,US,New Hampshire,2020-07-17,5997,211,62,899,398,7
North America,US,New Hampshire,2020-07-18,5999,201,60,899,399,6
North America,US,New Hampshire,2020-07-19,6001,190,57,899,400,6
North America,US,New Hampshire,2020-07-20,6002,180,55,899,401,6
North America,US,New Hampshire,2020-07-21,6004,171,53,900,401,5
North America,US,New Hampshire,2020-07-22,6005,162,51,900,402,5
North America,US,New Hampshire,2020-07-23,6007,154,48,900,403,5
North America,US,New Hampshire,2020-07-24,6008,146,46,900,404,4
North America,US,New Hampshire,2020-07-25,6009,138,44,900,404,4
North America,US,New Hampshire,2020-07-26,6010,131,43,901,405,4
North America,US,New Hampshire,2020-07-27,6011,124,41,901,406,4
North America,US,New Hampshire,2020-07-28,6011,117,39,901,406,3
North America,US,New Hampshire,2020-07-29,6012,111,37,901,407,3
North America,US,New Hampshire,2020-07-30,6013,105,36,901,407,3
North America,US,New Hampshire,2020-07-31,6013,99,34,901,408,3
North America,US,New Hampshire,2020-08-01,6014,94,33,901,408,3
North America,US,New Hampshire,2020-08-02,6014,89,31,901,409,3
North America,US,New Hampshire,2020-08-03,6015,84,30,901,409,2
North America,US,New Hampshire,2020-08-04,6015,80,29,901,409,2
North America,US,New Hampshire,2020-08-05,6015,75,27,901,410,2
North America,US,New Hampshire,2020-08-06,6016,71,26,901,410,2
North America,US,New Hampshire,2020-08-07,6016,67,25,902,410,2
North America,US,New Hampshire,2020-08-08,6016,64,24,902,411,2
North America,US,New Hampshire,2020-08-09,6017,60,23,902,411,2
North America,US,New Hampshire,2020-08-10,6017,57,22,902,411,2
North America,US,New Hampshire,2020-08-11,6017,54,21,902,412,1
North America,US,New Hampshire,2020-08-12,6017,51,20,902,412,1
North America,US,New Hampshire,2020-08-13,6017,48,19,902,412,1
North America,US,New Hampshire,2020-08-14,6017,45,18,902,412,1
North America,US,New Hampshire,2020-08-15,6018,43,17,902,413,1
North America,US,New Hampshire,2020-08-16,6018,40,17,902,413,1
North America,US,New Hampshire,2020-08-17,6018,38,16,902,413,1
North America,US,New Hampshire,2020-08-18,6018,36,15,902,413,1
North America,US,New Hampshire,2020-08-19,6018,34,14,902,413,1
North America,US,New Hampshire,2020-08-20,6018,32,14,902,413,1
North America,US,New Hampshire,2020-08-21,6018,30,13,902,414,1
North America,US,New Hampshire,2020-08-22,6018,29,13,902,414,1
North America,US,New Hampshire,2020-08-23,6018,27,12,902,414,1
North America,US,New Hampshire,2020-08-24,6018,26,12,902,414,1
North America,US,New Hampshire,2020-08-25,6018,24,11,902,414,1
North America,US,New Hampshire,2020-08-26,6018,23,11,902,414,1
North America,US,New Hampshire,2020-08-27,6018,22,10,902,414,1
North America,US,New Hampshire,2020-08-28,6018,21,10,902,414,0
North America,US,New Hampshire,2020-08-29,6018,19,9,902,414,0
North America,US,New Hampshire,2020-08-30,6019,18,9,902,415,0
North America,US,New Hampshire,2020-08-31,6019,17,8,902,415,0
North America,US,New Hampshire,2020-09-01,6019,16,8,902,415,0
North America,US,New Jersey,2020-03-16,176,164,25,25,2,6
North America,US,New Jersey,2020-03-17,427,396,60,62,4,15
North America,US,New Jersey,2020-03-18,683,619,95,101,8,23
North America,US,New Jersey,2020-03-19,986,873,135,146,14,33
North America,US,New Jersey,2020-03-20,1389,1208,187,206,21,45
North America,US,New Jersey,2020-03-21,1954,1680,261,291,32,63
North America,US,New Jersey,2020-03-22,2710,2306,360,405,47,86
North America,US,New Jersey,2020-03-23,3661,3081,482,547,66,115
North America,US,New Jersey,2020-03-24,4805,3995,627,719,92,149
North America,US,New Jersey,2020-03-25,6147,5041,795,920,125,187
North America,US,New Jersey,2020-03-26,7696,6221,984,1153,165,231
North America,US,New Jersey,2020-03-27,9460,7536,1196,1417,215,280
North America,US,New Jersey,2020-03-28,11449,8984,1432,1716,274,333
North America,US,New Jersey,2020-03-29,13671,10568,1690,2049,343,392
North America,US,New Jersey,2020-03-30,16122,12273,1970,2417,424,455
North America,US,New Jersey,2020-03-31,18799,14086,2269,2818,516,521
North America,US,New Jersey,2020-04-01,21704,16006,2588,3254,621,592
North America,US,New Jersey,2020-04-02,24842,18032,2927,3725,739,666
North America,US,New Jersey,2020-04-03,28194,20137,3281,4227,871,744
North America,US,New Jersey,2020-04-04,31739,22295,3646,4759,1017,823
North America,US,New Jersey,2020-04-05,35463,24489,4021,5318,1176,903
North America,US,New Jersey,2020-04-06,39359,26710,4403,5902,1350,984
North America,US,New Jersey,2020-04-07,43410,28943,4791,6510,1537,1066
North America,US,New Jersey,2020-04-08,47587,31156,5178,7136,1739,1146
North America,US,New Jersey,2020-04-09,51863,33326,5562,7778,1954,1225
North America,US,New Jersey,2020-04-10,56219,35435,5940,8431,2182,1301
North America,US,New Jersey,2020-04-11,60640,37475,6310,9094,2422,1375
North America,US,New Jersey,2020-04-12,65103,39427,6669,9764,2674,1445
North America,US,New Jersey,2020-04-13,69583,41273,7013,10436,2937,1511
North America,US,New Jersey,2020-04-14,74058,42998,7341,11107,3210,1573
North America,US,New Jersey,2020-04-15,78510,44593,7651,11775,3492,1630
North America,US,New Jersey,2020-04-16,82919,46046,7939,12436,3782,1681
North America,US,New Jersey,2020-04-17,87269,47351,8206,13088,4079,1727
North America,US,New Jersey,2020-04-18,91540,48498,8449,13729,4383,1767
North America,US,New Jersey,2020-04-19,95722,49486,8667,14357,4692,1801
North America,US,New Jersey,2020-04-20,99806,50319,8861,14969,5004,1829
North America,US,New Jersey,2020-04-21,103780,50995,9031,15565,5320,1851
North America,US,New Jersey,2020-04-22,107633,51512,9174,16143,5638,1868
North America,US,New Jersey,2020-04-23,111348,51863,9291,16700,5956,1878
North America,US,New Jersey,2020-04-24,114923,52058,9383,17237,6275,1883
North America,US,New Jersey,2020-04-25,118361,52108,9449,17752,6593,1882
North America,US,New Jersey,2020-04-26,121661,52024,9493,18247,6909,1876
North America,US,New Jersey,2020-04-27,124816,51807,9514,18721,7222,1866
North America,US,New Jersey,2020-04-28,127819,51457,9512,19171,7532,1851
North America,US,New Jersey,2020-04-29,130663,50975,9486,19598,7838,1830
North America,US,New Jersey,2020-04-30,133361,50383,9440,20002,8140,1806
North America,US,New Jersey,2020-05-01,135922,49697,9377,20387,8436,1779
North America,US,New Jersey,2020-05-02,138350,48929,9297,20751,8727,1748
North America,US,New Jersey,2020-05-03,140643,48081,9202,21095,9011,1715
North America,US,New Jersey,2020-05-04,142794,47150,9090,21417,9288,1679
North America,US,New Jersey,2020-05-05,144798,46135,8962,21718,9559,1640
North America,US,New Jersey,2020-05-06,146674,45059,8821,21999,9823,1599
North America,US,New Jersey,2020-05-07,148434,43941,8670,22263,10079,1556
North America,US,New Jersey,2020-05-08,150085,42790,8510,22511,10327,1512
North America,US,New Jersey,2020-05-09,151629,41610,8342,22743,10567,1468
North America,US,New Jersey,2020-05-10,153063,40399,8166,22958,10800,1422
North America,US,New Jersey,2020-05-11,154385,39155,7982,23156,11025,1375
North America,US,New Jersey,2020-05-12,155609,37895,7792,23340,11241,1328
North America,US,New Jersey,2020-05-13,156746,36631,7598,23510,11450,1281
North America,US,New Jersey,2020-05-14,157802,35369,7401,23669,11651,1234
North America,US,New Jersey,2020-05-15,158780,34112,7202,23815,11844,1187
North America,US,New Jersey,2020-05-16,159681,32860,7001,23950,12029,1141
North America,US,New Jersey,2020-05-17,160505,31613,6799,24074,12206,1095
North America,US,New Jersey,2020-05-18,161262,30380,6595,24188,12376,1049
North America,US,New Jersey,2020-05-19,161960,29167,6393,24292,12539,1005
North America,US,New Jersey,2020-05-20,162603,27978,6192,24389,12694,961
North America,US,New Jersey,2020-05-21,163193,26814,5993,24477,12843,919
North America,US,New Jersey,2020-05-22,163733,25674,5795,24558,12984,877
North America,US,New Jersey,2020-05-23,164223,24558,5600,24632,13119,836
North America,US,New Jersey,2020-05-24,164671,23471,5407,24699,13248,797
North America,US,New Jersey,2020-05-25,165080,22415,5218,24760,13370,759
North America,US,New Jersey,2020-05-26,165455,21393,5032,24816,13487,722
North America,US,New Jersey,2020-05-27,165797,20403,4851,24868,13598,686
North America,US,New Jersey,2020-05-28,166108,19445,4673,24914,13703,652
North America,US,New Jersey,2020-05-29,166388,18518,4499,24956,13802,619
North America,US,New Jersey,2020-05-30,166642,17624,4329,24995,13897,587
North America,US,New Jersey,2020-05-31,166873,16763,4164,25029,13987,556
North America,US,New Jersey,2020-06-01,167083,15936,4003,25061,14072,526
North America,US,New Jersey,2020-06-02,167275,15143,3847,25089,14152,498
North America,US,New Jersey,2020-06-03,167447,14382,3695,25115,14229,471
North America,US,New Jersey,2020-06-04,167602,13651,3548,25139,14301,446
North America,US,New Jersey,2020-06-05,167742,12950,3405,25160,14369,421
North America,US,New Jersey,2020-06-06,167868,12280,3267,25178,14433,398
North America,US,New Jersey,2020-06-07,167982,11641,3134,25196,14494,375
North America,US,New Jersey,2020-06-08,168086,11031,3005,25211,14552,354
North America,US,New Jersey,2020-06-09,168179,10449,2881,25225,14606,334
North America,US,New Jersey,2020-06-10,168262,9894,2761,25238,14657,315
North America,US,New Jersey,2020-06-11,168337,9364,2645,25249,14705,296
North America,US,New Jersey,2020-06-12,168404,8861,2534,25259,14751,279
North America,US,New Jersey,2020-06-13,168464,8382,2426,25268,14794,263
North America,US,New Jersey,2020-06-14,168518,7927,2323,25276,14834,247
North America,US,New Jersey,2020-06-15,168567,7494,2224,25283,14873,233
North America,US,New Jersey,2020-06-16,168611,7084,2128,25290,14908,219
North America,US,New Jersey,2020-06-17,168650,6694,2036,25296,14942,205
North America,US,New Jersey,2020-06-18,168684,6324,1948,25301,14974,193
North America,US,New Jersey,2020-06-19,168715,5974,1863,25305,15004,181
North America,US,New Jersey,2020-06-20,168743,5642,1782,25310,15032,170
North America,US,New Jersey,2020-06-21,168768,5328,1704,25313,15059,160
North America,US,New Jersey,2020-06-22,168790,5030,1630,25317,15084,150
North America,US,New Jersey,2020-06-23,168810,4748,1558,25320,15107,141
North America,US,New Jersey,2020-06-24,168828,4482,1489,25322,15129,132
North America,US,New Jersey,2020-06-25,168843,4230,1423,25325,15150,124
North America,US,New Jersey,2020-06-26,168857,3991,1360,25327,15170,116
North America,US,New Jersey,2020-06-27,168870,3766,1300,25329,15188,109
North America,US,New Jersey,2020-06-28,168881,3553,1242,25330,15205,102
North America,US,New Jersey,2020-06-29,168891,3352,1187,25332,15221,96
North America,US,New Jersey,2020-06-30,168900,3162,1134,25333,15237,89
North America,US,New Jersey,2020-07-01,168907,2983,1083,25334,15251,84
North America,US,New Jersey,2020-07-02,168914,2814,1035,25335,15264,78
North America,US,New Jersey,2020-07-03,168920,2654,988,25336,15277,73
North America,US,New Jersey,2020-07-04,168926,2504,944,25337,15289,69
North America,US,New Jersey,2020-07-05,168930,2361,902,25338,15300,64
North America,US,New Jersey,2020-07-06,168935,2227,861,25338,15310,60
North America,US,New Jersey,2020-07-07,168938,2101,822,25339,15320,56
North America,US,New Jersey,2020-07-08,168942,1981,785,25339,15329,53
North America,US,New Jersey,2020-07-09,168945,1869,750,25340,15338,49
North America,US,New Jersey,2020-07-10,168947,1763,716,25340,15346,46
North America,US,New Jersey,2020-07-11,168950,1663,684,25341,15353,43
North America,US,New Jersey,2020-07-12,168952,1568,653,25341,15361,40
North America,US,New Jersey,2020-07-13,168954,1479,623,25341,15367,38
North America,US,New Jersey,2020-07-14,168955,1396,595,25341,15374,35
North America,US,New Jersey,2020-07-15,168956,1317,568,25342,15379,33
North America,US,New Jersey,2020-07-16,168958,1242,543,25342,15385,31
North America,US,New Jersey,2020-07-17,168959,1172,518,25342,15390,29
North America,US,New Jersey,2020-07-18,168960,1106,495,25342,15395,27
North America,US,New Jersey,2020-07-19,168961,1043,472,25342,15400,25
North America,US,New Jersey,2020-07-20,168961,985,451,25342,15404,24
North America,US,New Jersey,2020-07-21,168962,929,430,25343,15408,22
North America,US,New Jersey,2020-07-22,168963,877,411,25343,15412,21
North America,US,New Jersey,2020-07-23,168963,828,392,25343,15415,19
North America,US,New Jersey,2020-07-24,168964,781,374,25343,15418,18
North America,US,New Jersey,2020-07-25,168964,738,357,25343,15422,17
North America,US,New Jersey,2020-07-26,168964,696,341,25343,15425,16
North America,US,New Jersey,2020-07-27,168965,658,326,25343,15427,15
North America,US,New Jersey,2020-07-28,168965,621,311,25343,15430,14
North America,US,New Jersey,2020-07-29,168965,586,297,25343,15432,13
North America,US,New Jersey,2020-07-30,168965,554,283,25343,15434,12
North America,US,New Jersey,2020-07-31,168965,523,271,25343,15437,11
North America,US,New Jersey,2020-08-01,168966,494,258,25343,15439,10
North America,US,New Jersey,2020-08-02,168966,467,247,25343,15440,10
North America,US,New Jersey,2020-08-03,168966,441,235,25343,15442,9
North America,US,New Jersey,2020-08-04,168966,417,225,25343,15444,8
North America,US,New Jersey,2020-08-05,168966,394,215,25343,15445,8
North America,US,New Jersey,2020-08-06,168966,372,205,25343,15447,7
North America,US,New Jersey,2020-08-07,168966,352,195,25343,15448,7
North America,US,New Jersey,2020-08-08,168966,333,187,25343,15449,6
North America,US,New Jersey,2020-08-09,168966,315,178,25343,15451,6
North America,US,New Jersey,2020-08-10,168966,298,170,25343,15452,6
North America,US,New Jersey,2020-08-11,168966,281,162,25343,15453,5
North America,US,New Jersey,2020-08-12,168966,266,155,25343,15454,5
North America,US,New Jersey,2020-08-13,168967,252,148,25343,15455,5
North America,US,New Jersey,2020-08-14,168967,238,141,25343,15455,4
North America,US,New Jersey,2020-08-15,168967,225,135,25343,15456,4
North America,US,New Jersey,2020-08-16,168967,213,129,25343,15457,4
North America,US,New Jersey,2020-08-17,168967,202,123,25343,15458,3
North America,US,New Jersey,2020-08-18,168967,191,117,25343,15458,3
North America,US,New Jersey,2020-08-19,168967,181,112,25343,15459,3
North America,US,New Jersey,2020-08-20,168967,171,107,25343,15460,3
North America,US,New Jersey,2020-08-21,168967,162,102,25343,15460,3
North America,US,New Jersey,2020-08-22,168967,153,97,25343,15461,2
North America,US,New Jersey,2020-08-23,168967,145,93,25343,15461,2
North America,US,New Jersey,2020-08-24,168967,138,89,25343,15462,2
North America,US,New Jersey,2020-08-25,168967,130,85,25343,15462,2
North America,US,New Jersey,2020-08-26,168967,123,81,25343,15462,2
North America,US,New Jersey,2020-08-27,168967,117,77,25343,15463,2
North America,US,New Jersey,2020-08-28,168967,111,74,25343,15463,2
North America,US,New Jersey,2020-08-29,168967,105,70,25343,15463,2
North America,US,New Jersey,2020-08-30,168967,100,67,25343,15464,1
North America,US,New Jersey,2020-08-31,168967,94,64,25343,15464,1
North America,US,New Jersey,2020-09-01,168967,89,61,25343,15464,1
North America,US,New Mexico,2020-03-25,113,107,16,16,1,4
North America,US,New Mexico,2020-03-26,119,106,16,17,1,4
North America,US,New Mexico,2020-03-27,128,108,17,18,1,4
North America,US,New Mexico,2020-03-28,138,111,18,20,2,4
North America,US,New Mexico,2020-03-29,152,117,19,22,2,4
North America,US,New Mexico,2020-03-30,168,125,20,24,2,5
North America,US,New Mexico,2020-03-31,187,136,22,27,3,5
North America,US,New Mexico,2020-04-01,210,150,25,31,3,6
North America,US,New Mexico,2020-04-02,238,168,27,35,3,6
North America,US,New Mexico,2020-04-03,270,188,31,40,4,7
North America,US,New Mexico,2020-04-04,308,213,35,45,4,8
North America,US,New Mexico,2020-04-05,352,242,40,52,5,9
North America,US,New Mexico,2020-04-06,402,276,45,59,5,10
North America,US,New Mexico,2020-04-07,460,314,52,68,6,12
North America,US,New Mexico,2020-04-08,525,357,59,78,7,13
North America,US,New Mexico,2020-04-09,598,406,67,89,8,15
North America,US,New Mexico,2020-04-10,681,461,76,101,9,17
North America,US,New Mexico,2020-04-11,773,521,86,115,10,19
North America,US,New Mexico,2020-04-12,874,587,97,130,11,22
North America,US,New Mexico,2020-04-13,986,658,109,147,13,24
North America,US,New Mexico,2020-04-14,1108,735,122,165,15,27
North America,US,New Mexico,2020-04-15,1242,819,136,185,16,30
North America,US,New Mexico,2020-04-16,1386,907,151,207,19,33
North America,US,New Mexico,2020-04-17,1541,1000,167,230,21,37
North America,US,New Mexico,2020-04-18,1707,1098,184,255,23,40
North America,US,New Mexico,2020-04-19,1885,1201,202,282,26,44
North America,US,New Mexico,2020-04-20,2073,1309,220,310,29,48
North America,US,New Mexico,2020-04-21,2272,1419,239,340,33,52
North America,US,New Mexico,2020-04-22,2481,1532,259,371,36,56
North America,US,New Mexico,2020-04-23,2699,1648,279,404,40,60
North America,US,New Mexico,2020-04-24,2928,1766,300,438,44,65
North America,US,New Mexico,2020-04-25,3166,1886,321,474,49,69
North America,US,New Mexico,2020-04-26,3412,2006,343,511,53,73
North America,US,New Mexico,2020-04-27,3665,2125,364,549,59,78
North America,US,New Mexico,2020-04-28,3924,2244,386,588,64,82
North America,US,New Mexico,2020-04-29,4191,2361,407,628,70,86
North America,US,New Mexico,2020-04-30,4464,2478,429,669,76,90
North America,US,New Mexico,2020-05-01,4741,2591,450,710,82,94
North America,US,New Mexico,2020-05-02,5021,2700,471,752,88,98
North America,US,New Mexico,2020-05-03,5304,2805,491,795,95,102
North America,US,New Mexico,2020-05-04,5589,2906,510,838,102,106
North America,US,New Mexico,2020-05-05,5877,3003,529,881,110,109
North America,US,New Mexico,2020-05-06,6165,3095,548,924,117,112
North America,US,New Mexico,2020-05-07,6453,3180,565,967,125,115
North America,US,New Mexico,2020-05-08,6740,3259,581,1010,133,118
North America,US,New Mexico,2020-05-09,7025,3332,597,1053,142,121
North America,US,New Mexico,2020-05-10,7308,3397,611,1095,150,123
North America,US,New Mexico,2020-05-11,7587,3456,624,1137,159,125
North America,US,New Mexico,2020-05-12,7864,3508,637,1179,168,127
North America,US,New Mexico,2020-05-13,8137,3554,648,1220,177,128
North America,US,New Mexico,2020-05-14,8404,3591,658,1260,186,129
North America,US,New Mexico,2020-05-15,8667,3622,666,1299,195,130
North America,US,New Mexico,2020-05-16,8924,3645,674,1338,204,131
North America,US,New Mexico,2020-05-17,9174,3660,680,1375,214,131
North America,US,New Mexico,2020-05-18,9419,3669,685,1412,223,132
North America,US,New Mexico,2020-05-19,9657,3671,689,1448,233,132
North America,US,New Mexico,2020-05-20,9888,3666,691,1482,242,131
North America,US,New Mexico,2020-05-21,10111,3655,693,1516,252,131
North America,US,New Mexico,2020-05-22,10328,3637,693,1548,262,130
North America,US,New Mexico,2020-05-23,10538,3614,692,1580,271,129
North America,US,New Mexico,2020-05-24,10740,3586,690,1610,281,128
North America,US,New Mexico,2020-05-25,10935,3551,688,1639,290,126
North America,US,New Mexico,2020-05-26,11121,3512,684,1667,299,125
North America,US,New Mexico,2020-05-27,11299,3466,679,1694,309,123
North America,US,New Mexico,2020-05-28,11470,3417,673,1720,318,121
North America,US,New Mexico,2020-05-29,11635,3364,667,1744,327,119
North America,US,New Mexico,2020-05-30,11792,3308,660,1768,336,117
North America,US,New Mexico,2020-05-31,11943,3249,652,1791,345,115
North America,US,New Mexico,2020-06-01,12087,3187,643,1812,354,112
North America,US,New Mexico,2020-06-02,12222,3121,634,1832,362,110
North America,US,New Mexico,2020-06-03,12350,3052,624,1852,371,107
North America,US,New Mexico,2020-06-04,12472,2981,613,1870,379,104
North America,US,New Mexico,2020-06-05,12588,2909,603,1887,387,102
North America,US,New Mexico,2020-06-06,12698,2836,591,1904,395,99
North America,US,New Mexico,2020-06-07,12802,2762,580,1919,403,96
North America,US,New Mexico,2020-06-08,12899,2686,568,1934,410,93
North America,US,New Mexico,2020-06-09,12991,2610,556,1948,418,91
North America,US,New Mexico,2020-06-10,13078,2533,543,1961,425,88
North America,US,New Mexico,2020-06-11,13160,2456,530,1973,432,85
North America,US,New Mexico,2020-06-12,13237,2380,518,1985,439,82
North America,US,New Mexico,2020-06-13,13309,2303,505,1995,446,79
North America,US,New Mexico,2020-06-14,13377,2227,492,2006,452,77
North America,US,New Mexico,2020-06-15,13440,2151,479,2015,458,74
North America,US,New Mexico,2020-06-16,13499,2077,466,2024,465,71
North America,US,New Mexico,2020-06-17,13555,2003,453,2032,470,68
North America,US,New Mexico,2020-06-18,13607,1931,440,2040,476,66
North America,US,New Mexico,2020-06-19,13655,1860,427,2047,482,63
North America,US,New Mexico,2020-06-20,13700,1789,414,2054,487,61
North America,US,New Mexico,2020-06-21,13742,1720,402,2060,492,58
North America,US,New Mexico,2020-06-22,13781,1653,389,2066,497,56
North America,US,New Mexico,2020-06-23,13817,1587,377,2072,502,53
North America,US,New Mexico,2020-06-24,13851,1523,365,2077,507,51
North America,US,New Mexico,2020-06-25,13883,1461,353,2081,512,49
North America,US,New Mexico,2020-06-26,13912,1400,341,2086,516,47
North America,US,New Mexico,2020-06-27,13938,1341,329,2090,520,45
North America,US,New Mexico,2020-06-28,13963,1283,318,2094,524,43
North America,US,New Mexico,2020-06-29,13986,1227,307,2097,528,41
North America,US,New Mexico,2020-06-30,14007,1173,296,2100,532,39
North America,US,New Mexico,2020-07-01,14027,1121,286,2103,535,37
North America,US,New Mexico,2020-07-02,14045,1071,275,2106,539,35
North America,US,New Mexico,2020-07-03,14062,1022,265,2108,542,33
North America,US,New Mexico,2020-07-04,14077,975,256,2111,545,32
North America,US,New Mexico,2020-07-05,14091,930,246,2113,548,30
North America,US,New Mexico,2020-07-06,14105,887,237,2115,551,29
North America,US,New Mexico,2020-07-07,14117,845,228,2117,554,27
North America,US,New Mexico,2020-07-08,14128,805,219,2118,557,26
North America,US,New Mexico,2020-07-09,14138,766,211,2120,559,24
North America,US,New Mexico,2020-07-10,14147,729,202,2121,562,23
North America,US,New Mexico,2020-07-11,14155,693,195,2122,564,22
North America,US,New Mexico,2020-07-12,14163,659,187,2124,567,21
North America,US,New Mexico,2020-07-13,14170,627,179,2125,569,20
North America,US,New Mexico,2020-07-14,14177,596,172,2126,571,19
North America,US,New Mexico,2020-07-15,14183,566,165,2127,573,18
North America,US,New Mexico,2020-07-16,14188,537,159,2127,575,17
North America,US,New Mexico,2020-07-17,14193,510,152,2128,576,16
North America,US,New Mexico,2020-07-18,14198,484,146,2129,578,15
North America,US,New Mexico,2020-07-19,14202,459,140,2129,580,14
North America,US,New Mexico,2020-07-20,14206,436,134,2130,581,13
North America,US,New Mexico,2020-07-21,14209,413,129,2130,583,13
North America,US,New Mexico,2020-07-22,14212,392,123,2131,584,12
North America,US,New Mexico,2020-07-23,14215,371,118,2131,586,11
North America,US,New Mexico,2020-07-24,14218,352,113,2132,587,11
North America,US,New Mexico,2020-07-25,14220,333,108,2132,588,10
North America,US,New Mexico,2020-07-26,14222,316,104,2132,590,9
North America,US,New Mexico,2020-07-27,14224,299,99,2133,591,9
North America,US,New Mexico,2020-07-28,14226,283,95,2133,592,8
North America,US,New Mexico,2020-07-29,14228,268,91,2133,593,8
North America,US,New Mexico,2020-07-30,14229,254,87,2133,594,7
North America,US,New Mexico,2020-07-31,14230,240,83,2134,595,7
North America,US,New Mexico,2020-08-01,14232,227,80,2134,596,7
North America,US,New Mexico,2020-08-02,14233,215,76,2134,596,6
North America,US,New Mexico,2020-08-03,14234,204,73,2134,597,6
North America,US,New Mexico,2020-08-04,14235,193,70,2134,598,5
North America,US,New Mexico,2020-08-05,14235,182,67,2134,599,5
North America,US,New Mexico,2020-08-06,14236,172,64,2135,599,5
North America,US,New Mexico,2020-08-07,14237,163,61,2135,600,5
North America,US,New Mexico,2020-08-08,14237,154,58,2135,601,4
North America,US,New Mexico,2020-08-09,14238,146,56,2135,601,4
North America,US,New Mexico,2020-08-10,14238,138,53,2135,602,4
North America,US,New Mexico,2020-08-11,14239,130,51,2135,602,4
North America,US,New Mexico,2020-08-12,14239,123,49,2135,603,3
North America,US,New Mexico,2020-08-13,14240,117,47,2135,603,3
North America,US,New Mexico,2020-08-14,14240,110,44,2135,604,3
North America,US,New Mexico,2020-08-15,14240,104,43,2135,604,3
North America,US,New Mexico,2020-08-16,14240,98,41,2135,605,3
North America,US,New Mexico,2020-08-17,14241,93,39,2135,605,2
North America,US,New Mexico,2020-08-18,14241,88,37,2135,606,2
North America,US,New Mexico,2020-08-19,14241,83,35,2135,606,2
North America,US,New Mexico,2020-08-20,14241,79,34,2135,606,2
North America,US,New Mexico,2020-08-21,14241,74,32,2135,607,2
North America,US,New Mexico,2020-08-22,14241,70,31,2135,607,2
North America,US,New Mexico,2020-08-23,14242,66,30,2135,607,2
North America,US,New Mexico,2020-08-24,14242,63,28,2135,607,2
North America,US,New Mexico,2020-08-25,14242,59,27,2135,608,1
North America,US,New Mexico,2020-08-26,14242,56,26,2135,608,1
North America,US,New Mexico,2020-08-27,14242,53,25,2135,608,1
North America,US,New Mexico,2020-08-28,14242,50,23,2135,608,1
North America,US,New Mexico,2020-08-29,14242,47,22,2135,609,1
North America,US,New Mexico,2020-08-30,14242,45,21,2135,609,1
North America,US,New Mexico,2020-08-31,14242,42,20,2135,609,1
North America,US,New Mexico,2020-09-01,14242,40,20,2135,609,1
North America,US,New York,2020-03-08,105,105,16,16,0,4
North America,US,New York,2020-03-09,268,254,39,40,4,10
North America,US,New York,2020-03-10,443,403,62,66,10,15
North America,US,New York,2020-03-11,669,591,91,100,18,22
North America,US,New York,2020-03-12,993,860,133,149,30,32
North America,US,New York,2020-03-13,1464,1251,194,220,47,47
North America,US,New York,2020-03-14,2108,1780,277,316,72,66
North America,US,New York,2020-03-15,2947,2458,384,442,105,91
North America,US,New York,2020-03-16,3999,3292,516,600,149,122
North America,US,New York,2020-03-17,5292,4299,676,794,207,160
North America,US,New York,2020-03-18,6858,5496,867,1029,279,204
North America,US,New York,2020-03-19,8729,6901,1092,1309,369,256
North America,US,New York,2020-03-20,10944,8537,1356,1642,478,317
North America,US,New York,2020-03-21,13545,10429,1661,2032,610,387
North America,US,New York,2020-03-22,16557,12584,2010,2484,767,466
North America,US,New York,2020-03-23,20003,15003,2404,3000,951,556
North America,US,New York,2020-03-24,23917,17701,2845,3588,1165,655
North America,US,New York,2020-03-25,28334,20696,3337,4250,1411,766
North America,US,New York,2020-03-26,33249,23961,3875,4987,1692,886
North America,US,New York,2020-03-27,38665,27479,4459,5800,2010,1016
North America,US,New York,2020-03-28,44594,31247,5087,6689,2365,1154
North America,US,New York,2020-03-29,51043,35255,5759,7656,2758,1301
North America,US,New York,2020-03-30,57978,39455,6467,8697,3190,1455
North America,US,New York,2020-03-31,65375,43807,7206,9806,3663,1615
North America,US,New York,2020-04-01,73218,48291,7973,10983,4175,1779
North America,US,New York,2020-04-02,81493,52887,8764,12224,4724,1947
North America,US,New York,2020-04-03,90147,57536,9572,13522,5309,2116
North America,US,New York,2020-04-04,99131,62185,10387,14870,5931,2285
North America,US,New York,2020-04-05,108402,66797,11203,16260,6585,2453
North America,US,New York,2020-04-06,117931,71347,12017,17690,7269,2618
North America,US,New York,2020-04-07,127676,75803,12823,19151,7980,2779
North America,US,New York,2020-04-08,137575,80112,13612,20636,8716,2934
North America,US,New York,2020-04-09,147577,84234,14379,22137,9472,3082
North America,US,New York,2020-04-10,157634,88139,15116,23645,10246,3222
North America,US,New York,2020-04-11,167708,91804,15822,25156,11034,3352
North America,US,New York,2020-04-12,177756,95209,16490,26663,11832,3473
North America,US,New York,2020-04-13,187719,98307,17115,28158,12637,3582
North America,US,New York,2020-04-14,197574,101105,17695,29636,13446,3680
North America,US,New York,2020-04-15,207303,103610,18231,31096,14253,3767
North America,US,New York,2020-04-16,216878,105817,18721,32532,15055,3842
North America,US,New York,2020-04-17,226262,107711,19162,33939,15850,3907
North America,US,New York,2020-04-18,235410,109267,19550,35312,16636,3958
North America,US,New York,2020-04-19,244269,110450,19879,36640,17411,3996
North America,US,New York,2020-04-20,252825,111271,20149,37924,18172,4020
North America,US,New York,2020-04-21,261101,111783,20368,39165,18916,4033
North America,US,New York,2020-04-22,269095,112008,20539,40364,19640,4035
North America,US,New York,2020-04-23,276792,111951,20661,41519,20343,4028
North America,US,New York,2020-04-24,284165,111600,20732,42625,21025,4009
North America,US,New York,2020-04-25,291191,110949,20751,43679,21684,3979
North America,US,New York,2020-04-26,297892,110043,20725,44684,22319,3941
North America,US,New York,2020-04-27,304278,108910,20656,45642,22928,3894
North America,US,New York,2020-04-28,310352,107567,20548,46553,23512,3839
North America,US,New York,2020-04-29,316108,106022,20401,47416,24070,3777
North America,US,New York,2020-04-30,321535,104272,20215,48230,24603,3708
North America,US,New York,2020-05-01,326647,102346,19994,48997,25110,3633
North America,US,New York,2020-05-02,331468,100279,19744,49720,25591,3553
North America,US,New York,2020-05-03,336012,98096,19467,50402,26047,3469
North America,US,New York,2020-05-04,340283,95807,19165,51042,26477,3381
North America,US,New York,2020-05-05,344281,93416,18840,51642,26883,3290
North America,US,New York,2020-05-06,348000,90921,18491,52200,27267,3195
North America,US,New York,2020-05-07,351467,88355,18124,52720,27627,3098
North America,US,New York,2020-05-08,354705,85746,17742,53206,27965,3000
North America,US,New York,2020-05-09,357729,83112,17348,53659,28281,2901
North America,US,New York,2020-05-10,360545,80460,16944,54082,28576,2802
North America,US,New York,2020-05-11,363156,77790,16531,54473,28852,2703
North America,US,New York,2020-05-12,365560,75100,16108,54834,29109,2603
North America,US,New York,2020-05-13,367781,72415,15679,55167,29349,2503
North America,US,New York,2020-05-14,369838,69753,15247,55476,29571,2405
North America,US,New York,2020-05-15,371742,67123,14815,55761,29777,2308
North America,US,New York,2020-05-16,373502,64532,14382,56025,29968,2212
North America,US,New York,2020-05-17,375120,61976,13950,56268,30145,2119
North America,US,New York,2020-05-18,376599,59454,13518,56490,30308,2027
North America,US,New York,2020-05-19,377956,56982,13090,56693,30459,1936
North America,US,New York,2020-05-20,379203,54568,12666,56881,30598,1849
North America,US,New York,2020-05-21,380350,52217,12247,57052,30725,1763
North America,US,New York,2020-05-22,381402,49930,11835,57210,30843,1681
North America,US,New York,2020-05-23,382362,47704,11430,57354,30950,1600
North America,US,New York,2020-05-24,383234,45538,11030,57485,31049,1522
North America,US,New York,2020-05-25,384030,43440,10638,57604,31140,1447
North America,US,New York,2020-05-26,384756,41412,10255,57713,31222,1375
North America,US,New York,2020-05-27,385420,39456,9881,57813,31298,1305
North America,US,New York,2020-05-28,386026,37570,9516,57904,31367,1238
North America,US,New York,2020-05-29,386575,35753,9159,57986,31430,1173
North America,US,New York,2020-05-30,387071,34001,8812,58061,31487,1111
North America,US,New York,2020-05-31,387521,32318,8474,58128,31539,1052
North America,US,New York,2020-06-01,387930,30703,8146,58189,31587,995
North America,US,New York,2020-06-02,388301,29156,7828,58245,31630,941
North America,US,New York,2020-06-03,388638,27675,7519,58296,31669,889
North America,US,New York,2020-06-04,388943,26257,7220,58341,31704,840
North America,US,New York,2020-06-05,389216,24900,6931,58382,31737,793
North America,US,New York,2020-06-06,389463,23604,6651,58419,31766,748
North America,US,New York,2020-06-07,389686,22366,6380,58453,31792,705
North America,US,New York,2020-06-08,389887,21187,6119,58483,31816,665
North America,US,New York,2020-06-09,390070,20064,5867,58510,31837,626
North America,US,New York,2020-06-10,390234,18995,5624,58535,31857,590
North America,US,New York,2020-06-11,390380,17976,5389,58557,31874,555
North America,US,New York,2020-06-12,390512,17007,5163,58577,31890,523
North America,US,New York,2020-06-13,390630,16086,4946,58595,31904,491
North America,US,New York,2020-06-14,390737,15211,4737,58611,31917,462
North America,US,New York,2020-06-15,390833,14381,4536,58625,31928,434
North America,US,New York,2020-06-16,390919,13594,4342,58638,31938,408
North America,US,New York,2020-06-17,390996,12847,4156,58649,31948,383
North America,US,New York,2020-06-18,391064,12138,3978,58660,31956,360
North America,US,New York,2020-06-19,391125,11466,3806,58669,31963,338
North America,US,New York,2020-06-20,391180,10830,3642,58677,31970,317
North America,US,New York,2020-06-21,391230,10228,3484,58684,31976,298
North America,US,New York,2020-06-22,391274,9659,3332,58691,31981,279
North America,US,New York,2020-06-23,391313,9119,3187,58697,31986,262
North America,US,New York,2020-06-24,391348,8609,3048,58702,31990,245
North America,US,New York,2020-06-25,391379,8127,2914,58707,31994,230
North America,US,New York,2020-06-26,391407,7671,2786,58711,31997,215
North America,US,New York,2020-06-27,391432,7240,2664,58715,32000,202
North America,US,New York,2020-06-28,391454,6833,2547,58718,32003,189
North America,US,New York,2020-06-29,391474,6448,2434,58721,32005,177
North America,US,New York,2020-06-30,391491,6085,2327,58724,32008,166
North America,US,New York,2020-07-01,391507,5742,2224,58726,32009,155
North America,US,New York,2020-07-02,391520,5418,2125,58728,32011,145
North America,US,New York,2020-07-03,391533,5113,2031,58730,32013,136
North America,US,New York,2020-07-04,391544,4824,1940,58732,32014,127
North America,US,New York,2020-07-05,391553,4552,1854,58733,32015,119
North America,US,New York,2020-07-06,391562,4295,1771,58734,32016,111
North America,US,New York,2020-07-07,391569,4053,1692,58735,32017,104
North America,US,New York,2020-07-08,391576,3825,1617,58736,32018,97
North America,US,New York,2020-07-09,391582,3609,1545,58737,32019,91
North America,US,New York,2020-07-10,391587,3406,1476,58738,32019,85
North America,US,New York,2020-07-11,391592,3214,1410,58739,32020,80
North America,US,New York,2020-07-12,391596,3033,1347,58739,32020,74
North America,US,New York,2020-07-13,391600,2863,1286,58740,32021,70
North America,US,New York,2020-07-14,391603,2702,1229,58740,32021,65
North America,US,New York,2020-07-15,391606,2550,1173,58741,32022,61
North America,US,New York,2020-07-16,391609,2407,1121,58741,32022,57
North America,US,New York,2020-07-17,391611,2273,1070,58742,32022,53
North America,US,New York,2020-07-18,391613,2145,1022,58742,32022,50
North America,US,New York,2020-07-19,391614,2026,976,58742,32023,46
North America,US,New York,2020-07-20,391616,1913,933,58742,32023,43
North America,US,New York,2020-07-21,391617,1806,891,58743,32023,40
North America,US,New York,2020-07-22,391619,1706,851,58743,32023,38
North America,US,New York,2020-07-23,391620,1611,812,58743,32023,35
North America,US,New York,2020-07-24,391620,1521,776,58743,32023,33
North America,US,New York,2020-07-25,391621,1437,741,58743,32023,31
North America,US,New York,2020-07-26,391622,1358,707,58743,32024,29
North America,US,New York,2020-07-27,391623,1283,676,58743,32024,27
North America,US,New York,2020-07-28,391623,1212,645,58743,32024,25
North America,US,New York,2020-07-29,391624,1145,616,58744,32024,23
North America,US,New York,2020-07-30,391624,1083,588,58744,32024,22
North America,US,New York,2020-07-31,391624,1023,562,58744,32024,20
North America,US,New York,2020-08-01,391625,967,536,58744,32024,19
North America,US,New York,2020-08-02,391625,914,512,58744,32024,18
North America,US,New York,2020-08-03,391625,865,489,58744,32024,17
North America,US,New York,2020-08-04,391626,818,467,58744,32024,15
North America,US,New York,2020-08-05,391626,773,446,58744,32024,14
North America,US,New York,2020-08-06,391626,731,426,58744,32024,13
North America,US,New York,2020-08-07,391626,692,407,58744,32024,13
North America,US,New York,2020-08-08,391626,654,388,58744,32024,12
North America,US,New York,2020-08-09,391626,619,371,58744,32024,11
North America,US,New York,2020-08-10,391626,586,354,58744,32024,10
North America,US,New York,2020-08-11,391627,554,338,58744,32024,10
North America,US,New York,2020-08-12,391627,525,323,58744,32024,9
North America,US,New York,2020-08-13,391627,497,308,58744,32024,8
North America,US,New York,2020-08-14,391627,470,294,58744,32024,8
North America,US,New York,2020-08-15,391627,445,281,58744,32024,7
North America,US,New York,2020-08-16,391627,422,268,58744,32024,7
North America,US,New York,2020-08-17,391627,399,256,58744,32024,6
North America,US,New York,2020-08-18,391627,378,245,58744,32024,6
North America,US,New York,2020-08-19,391627,358,234,58744,32024,5
North America,US,New York,2020-08-20,391627,339,223,58744,32024,5
North America,US,New York,2020-08-21,391627,321,213,58744,32024,5
North America,US,New York,2020-08-22,391627,305,203,58744,32024,4
North America,US,New York,2020-08-23,391627,289,194,58744,32024,4
North America,US,New York,2020-08-24,391627,274,185,58744,32024,4
North America,US,New York,2020-08-25,391627,259,177,58744,32024,4
North America,US,New York,2020-08-26,391627,246,169,58744,32024,3
North America,US,New York,2020-08-27,391627,233,161,58744,32024,3
North America,US,New York,2020-08-28,391627,221,154,58744,32024,3
North America,US,New York,2020-08-29,391627,210,147,58744,32024,3
North America,US,New York,2020-08-30,391627,199,141,58744,32024,3
North America,US,New York,2020-08-31,391627,188,134,58744,32024,2
North America,US,New York,2020-09-01,391627,179,128,58744,32024,2
North America,US,None,2020-03-07,102,6,1,1,16,0
North America,US,None,2020-03-08,213,116,18,18,16,4
North America,US,None,2020-03-09,483,366,56,57,21,15
North America,US,None,2020-03-10,858,704,108,113,27,26
North America,US,None,2020-03-11,1218,1002,154,167,37,38
North America,US,None,2020-03-12,1689,1388,215,238,51,51
North America,US,None,2020-03-13,2336,1916,298,335,69,72
North America,US,None,2020-03-14,3299,2703,421,478,100,99
North America,US,None,2020-03-15,4488,3661,573,656,136,136
North America,US,None,2020-03-16,6463,5276,826,944,195,196
North America,US,None,2020-03-17,9021,7381,1157,1327,265,274
North America,US,None,2020-03-18,12104,9849,1548,1788,354,365
North America,US,None,2020-03-19,16235,13146,2066,2401,480,486
North America,US,None,2020-03-20,21423,17223,2712,3170,635,642
North America,US,None,2020-03-21,27651,22052,3485,4101,827,822
North America,US,None,2020-03-22,34787,27414,4348,5166,1054,1016
North America,US,None,2020-03-23,43288,33773,5368,6434,1319,1255
North America,US,None,2020-03-24,52982,40850,6516,7891,1635,1513
North America,US,None,2020-03-25,64320,49003,7844,9581,2016,1815
North America,US,None,2020-03-26,76969,57926,9298,11474,2442,2148
North America,US,None,2020-03-27,91395,67988,10951,13634,2938,2518
North America,US,None,2020-03-28,107362,78872,12744,16036,3494,2917
North America,US,None,2020-03-29,125521,91157,14772,18753,4126,3369
North America,US,None,2020-03-30,145527,104419,16973,21748,4833,3856
North America,US,None,2020-03-31,167444,118672,19347,25034,5616,4378
North America,US,None,2020-04-01,191341,133904,21901,28621,6481,4942
North America,US,None,2020-04-02,217389,150230,24642,32527,7431,5540
North America,US,None,2020-04-03,245602,167592,27582,36760,8461,6176
North America,US,None,2020-04-04,275987,185922,30691,41322,9583,6848
North America,US,None,2020-04-05,308543,205165,33974,46200,10786,7555
North America,US,None,2020-04-06,343274,225271,37419,51410,12080,8290
North America,US,None,2020-04-07,380157,246166,41023,56939,13452,9052
North America,US,None,2020-04-08,419131,267746,44756,62788,14914,9838
North America,US,None,2020-04-09,460143,289915,48623,68943,16452,10645
North America,US,None,2020-04-10,503116,312566,52592,75389,18069,11469
North America,US,None,2020-04-11,547972,335596,56656,82119,19758,12304
North America,US,None,2020-04-12,594611,358887,60792,89112,21521,13150
North America,US,None,2020-04-13,642928,382311,64981,96359,23360,13998
North America,US,None,2020-04-14,692817,405780,69208,103847,25257,14847
North America,US,None,2020-04-15,744180,429194,73462,111548,27204,15695
North America,US,None,2020-04-16,796881,452436,77717,119455,29216,16528
North America,US,None,2020-04-17,850773,475367,81953,127535,31268,17355
North America,US,None,2020-04-18,905691,497860,86139,135776,33373,18160
North America,US,None,2020-04-19,961476,519783,90274,144141,35515,18949
North America,US,None,2020-04-20,1017995,541034,94320,152620,37697,19710
North America,US,None,2020-04-21,1075145,561576,98283,161195,39901,20439
North America,US,None,2020-04-22,1132773,581306,102129,169836,42138,21138
North America,US,None,2020-04-23,1190712,600122,105857,178525,44388,21807
North America,US,None,2020-04-24,1248809,617920,109429,187244,46660,22431
North America,US,None,2020-04-25,1306906,634627,112854,195958,48940,23018
North America,US,None,2020-04-26,1364921,650216,116108,204662,51225,23563
North America,US,None,2020-04-27,1422710,664644,119180,213326,53510,24064
North America,US,None,2020-04-28,1480141,677852,122067,221945,55794,24520
North America,US,None,2020-04-29,1537060,689760,124750,230477,58077,24928
North America,US,None,2020-04-30,1593343,700331,127223,238921,60346,25283
North America,US,None,2020-05-01,1648908,709575,129483,247259,62603,25590
North America,US,None,2020-05-02,1703691,717518,131531,255476,64841,25852
North America,US,None,2020-05-03,1757594,724147,133353,263559,67068,26062
North America,US,None,2020-05-04,1810506,729440,134957,271498,69264,26228
North America,US,None,2020-05-05,1862314,733370,136328,279272,71440,26340
North America,US,None,2020-05-06,1912937,735931,137467,286860,73582,26400
North America,US,None,2020-05-07,1962338,737186,138380,294274,75700,26418
North America,US,None,2020-05-08,2010490,737186,139076,301495,77783,26388
North America,US,None,2020-05-09,2057356,735975,139547,308524,79832,26314
North America,US,None,2020-05-10,2102870,733578,139805,315347,81843,26198
North America,US,None,2020-05-11,2146973,729994,139850,321963,83822,26037
North America,US,None,2020-05-12,2189653,725282,139694,328370,85761,25835
North America,US,None,2020-05-13,2230911,719537,139329,334560,87661,25598
North America,US,None,2020-05-14,2270738,712804,138783,340531,89514,25325
North America,US,None,2020-05-15,2309137,705140,138056,346286,91334,25021
North America,US,None,2020-05-16,2346073,696578,137145,351832,93101,24681
North America,US,None,2020-05-17,2381522,687145,136064,357149,94830,24314
North America,US,None,2020-05-18,2415505,676907,134817,362245,96510,23913
North America,US,None,2020-05-19,2448056,665956,133426,367131,98155,23494
North America,US,None,2020-05-20,2479227,654380,131890,371806,99748,23051
North America,US,None,2020-05-21,2509019,642235,130236,376275,101301,22589
North America,US,None,2020-05-22,2537467,629568,128452,380540,102809,22109
North America,US,None,2020-05-23,2564554,616419,126560,384607,104272,21608
North America,US,None,2020-05-24,2590317,602813,124556,388468,105691,21103
North America,US,None,2020-05-25,2614805,588860,122460,392142,107065,20578
North America,US,None,2020-05-26,2638057,574614,120277,395630,108397,20044
North America,US,None,2020-05-27,2660122,560120,118027,398939,109690,19506
North America,US,None,2020-05-28,2681026,545436,115712,402075,110930,18955
North America,US,None,2020-05-29,2700791,530588,113329,405041,112139,18409
North America,US,None,2020-05-30,2719455,515626,110905,407841,113304,17857
North America,US,None,2020-05-31,2737084,500607,108435,410487,114427,17300
North America,US,None,2020-06-01,2753712,485583,105932,412978,115503,16751
North America,US,None,2020-06-02,2769386,470584,103406,415325,116551,16202
North America,US,None,2020-06-03,2784143,455660,100864,417542,117554,15653
North America,US,None,2020-06-04,2798008,440818,98300,419617,118521,15110
North America,US,None,2020-06-05,2811019,426073,95738,421574,119450,14571
North America,US,None,2020-06-06,2823216,411493,93167,423404,120348,14043
North America,US,None,2020-06-07,2834648,397089,90601,425118,121204,13523
North America,US,None,2020-06-08,2845366,382899,88052,426724,122035,13008
North America,US,None,2020-06-09,2855395,368945,85517,428229,122828,12508
North America,US,None,2020-06-10,2864779,355244,83004,429638,123592,12009
North America,US,None,2020-06-11,2873529,341792,80513,430948,124322,11525
North America,US,None,2020-06-12,2881686,328619,78049,432175,125021,11054
North America,US,None,2020-06-13,2889293,315733,75619,433313,125691,10593
North America,US,None,2020-06-14,2896374,303151,73219,434379,126335,10144
North America,US,None,2020-06-15,2902967,290891,70855,435365,126952,9709
North America,US,None,2020-06-16,2909100,278952,68538,436285,127541,9284
North America,US,None,2020-06-17,2914797,267334,66261,437139,128104,8870
North America,US,None,2020-06-18,2920086,256051,64025,437933,128646,8472
North America,US,None,2020-06-19,2924991,245105,61836,438673,129161,8086
North America,US,None,2020-06-20,2929533,234493,59693,439352,129651,7711
North America,US,None,2020-06-21,2933740,224220,57601,439978,130118,7354
North America,US,None,2020-06-22,2937636,214286,55560,440566,130572,7002
North America,US,None,2020-06-23,2941234,204681,53559,441110,130999,6667
North America,US,None,2020-06-24,2944563,195410,51624,441602,131408,6345
North America,US,None,2020-06-25,2947635,186479,49725,442066,131799,6036
North America,US,None,2020-06-26,2950463,177861,47884,442490,132168,5732
North America,US,None,2020-06-27,2953078,169573,46096,442886,132525,5448
North America,US,None,2020-06-28,2955485,161601,44356,443243,132862,5174
North America,US,None,2020-06-29,2957701,153935,42669,443577,133186,4909
North America,US,None,2020-06-30,2959743,146578,41033,443884,133492,4657
North America,US,None,2020-07-01,2961618,139512,39443,444161,133781,4416
North America,US,None,2020-07-02,2963338,132739,37909,444425,134062,4183
North America,US,None,2020-07-03,2964920,126248,36420,444660,134328,3962
North America,US,None,2020-07-04,2966370,120027,34987,444877,134579,3750
North America,US,None,2020-07-05,2967705,114080,33594,445078,134820,3555
North America,US,None,2020-07-06,2968921,108391,32248,445259,135043,3362
North America,US,None,2020-07-07,2970039,102954,30947,445430,135265,3179
North America,US,None,2020-07-08,2971068,97760,29700,445579,135470,3004
North America,US,None,2020-07-09,2972001,92796,28486,445722,135663,2834
North America,US,None,2020-07-10,2972852,88059,27321,445849,135852,2681
North America,US,None,2020-07-11,2973633,83550,26197,445965,136026,2531
North America,US,None,2020-07-12,2974351,79245,25118,446073,136197,2390
North America,US,None,2020-07-13,2975006,75150,24073,446172,136354,2258
North America,US,None,2020-07-14,2975598,71242,23070,446265,136510,2128
North America,US,None,2020-07-15,2976134,67525,22101,446342,136660,1998
North America,US,None,2020-07-16,2976634,63985,21176,446415,136789,1887
North America,US,None,2020-07-17,2977080,60621,20277,446482,136921,1784
North America,US,None,2020-07-18,2977492,57424,19423,446544,137046,1676
North America,US,None,2020-07-19,2977866,54382,18596,446600,137164,1579
North America,US,None,2020-07-20,2978201,51499,17806,446650,137272,1482
North America,US,None,2020-07-21,2978510,48756,17044,446696,137374,1401
North America,US,None,2020-07-22,2978789,46151,16312,446740,137476,1316
North America,US,None,2020-07-23,2979043,43679,15613,446776,137575,1242
North America,US,None,2020-07-24,2979272,41336,14936,446815,137661,1165
North America,US,None,2020-07-25,2979483,39112,14291,446842,137748,1096
North America,US,None,2020-07-26,2979669,37002,13676,446871,137830,1031
North America,US,None,2020-07-27,2979844,35004,13077,446894,137906,969
North America,US,None,2020-07-28,2979999,33109,12509,446918,137981,909
North America,US,None,2020-07-29,2980140,31313,11961,446939,138052,854
North America,US,None,2020-07-30,2980268,29619,11439,446959,138116,801
North America,US,None,2020-07-31,2980380,28009,10941,446976,138181,754
North America,US,None,2020-08-01,2980487,26484,10456,446992,138239,707
North America,US,None,2020-08-02,2980579,25038,10000,447008,138295,661
North America,US,None,2020-08-03,2980671,23672,9560,447021,138349,622
North America,US,None,2020-08-04,2980745,22389,9140,447030,138395,584
North America,US,None,2020-08-05,2980808,21159,8736,447039,138442,547
North America,US,None,2020-08-06,2980874,20002,8345,447048,138493,515
North America,US,None,2020-08-07,2980929,18912,7978,447059,138529,482
North America,US,None,2020-08-08,2980977,17879,7619,447068,138575,450
North America,US,None,2020-08-09,2981026,16898,7285,447073,138616,422
North America,US,None,2020-08-10,2981063,15975,6960,447078,138650,397
North America,US,None,2020-08-11,2981104,15097,6655,447083,138688,372
North America,US,None,2020-08-12,2981137,14269,6359,447088,138719,346
North America,US,None,2020-08-13,2981167,13496,6075,447091,138750,324
North America,US,None,2020-08-14,2981195,12753,5799,447098,138780,306
North America,US,None,2020-08-15,2981220,12058,5542,447101,138806,286
North America,US,None,2020-08-16,2981241,11394,5297,447105,138834,267
North America,US,None,2020-08-17,2981259,10774,5063,447108,138862,248
North America,US,None,2020-08-18,2981279,10183,4833,447110,138883,237
North America,US,None,2020-08-19,2981293,9630,4616,447113,138911,219
North America,US,None,2020-08-20,2981311,9101,4410,447113,138928,206
North America,US,None,2020-08-21,2981323,8608,4212,447116,138952,194
North America,US,None,2020-08-22,2981331,8137,4021,447116,138972,178
North America,US,None,2020-08-23,2981344,7695,3843,447118,138988,172
North America,US,None,2020-08-24,2981351,7275,3670,447120,139005,161
North America,US,None,2020-08-25,2981360,6881,3506,447121,139022,148
North America,US,None,2020-08-26,2981369,6507,3348,447122,139037,137
North America,US,None,2020-08-27,2981373,6153,3195,447124,139050,132
North America,US,None,2020-08-28,2981378,5821,3051,447126,139065,121
North America,US,None,2020-08-29,2981385,5507,2916,447129,139079,113
North America,US,None,2020-08-30,2981389,5208,2785,447131,139089,108
North America,US,None,2020-08-31,2981393,4927,2659,447131,139107,99
North America,US,None,2020-09-01,2981394,4660,2538,447131,139114,91
North America,US,North Carolina,2020-03-18,104,104,16,16,0,4
North America,US,North Carolina,2020-03-19,220,210,32,33,0,8
North America,US,North Carolina,2020-03-20,327,300,46,49,0,11
North America,US,North Carolina,2020-03-21,439,390,61,66,1,15
North America,US,North Carolina,2020-03-22,566,488,76,85,1,18
North America,US,North Carolina,2020-03-23,712,599,94,107,2,22
North America,US,North Carolina,2020-03-24,883,727,115,133,3,27
North America,US,North Carolina,2020-03-25,1083,874,139,162,4,32
North America,US,North Carolina,2020-03-26,1316,1044,167,197,5,39
North America,US,North Carolina,2020-03-27,1584,1238,199,238,6,46
North America,US,North Carolina,2020-03-28,1892,1458,235,284,8,54
North America,US,North Carolina,2020-03-29,2244,1708,276,337,9,63
North America,US,North Carolina,2020-03-30,2643,1986,322,396,12,73
North America,US,North Carolina,2020-03-31,3091,2295,373,464,14,85
North America,US,North Carolina,2020-04-01,3593,2636,430,539,17,97
North America,US,North Carolina,2020-04-02,4152,3012,493,623,20,111
North America,US,North Carolina,2020-04-03,4769,3420,561,715,24,126
North America,US,North Carolina,2020-04-04,5445,3858,634,817,28,142
North America,US,North Carolina,2020-04-05,6183,4329,714,927,33,160
North America,US,North Carolina,2020-04-06,6986,4835,799,1048,38,178
North America,US,North Carolina,2020-04-07,7854,5370,890,1178,45,198
North America,US,North Carolina,2020-04-08,8783,5932,986,1317,51,218
North America,US,North Carolina,2020-04-09,9773,6516,1087,1466,59,240
North America,US,North Carolina,2020-04-10,10826,7125,1192,1624,67,262
North America,US,North Carolina,2020-04-11,11942,7758,1302,1791,76,285
North America,US,North Carolina,2020-04-12,13117,8407,1415,1968,85,308
North America,US,North Carolina,2020-04-13,14344,9066,1531,2152,96,332
North America,US,North Carolina,2020-04-14,15622,9733,1649,2343,107,357
North America,US,North Carolina,2020-04-15,16950,10405,1769,2542,119,381
North America,US,North Carolina,2020-04-16,18326,11083,1891,2749,132,406
North America,US,North Carolina,2020-04-17,19743,11759,2013,2962,146,430
North America,US,North Carolina,2020-04-18,21195,12425,2135,3179,161,454
North America,US,North Carolina,2020-04-19,22676,13078,2255,3401,176,477
North America,US,North Carolina,2020-04-20,24183,13715,2374,3628,193,500
North America,US,North Carolina,2020-04-21,25715,14336,2492,3857,210,523
North America,US,North Carolina,2020-04-22,27267,14938,2606,4090,228,544
North America,US,North Carolina,2020-04-23,28830,15513,2718,4324,247,565
North America,US,North Carolina,2020-04-24,30398,16057,2824,4560,266,584
North America,US,North Carolina,2020-04-25,31967,16568,2927,4795,287,602
North America,US,North Carolina,2020-04-26,33533,17044,3024,5030,307,619
North America,US,North Carolina,2020-04-27,35094,17485,3116,5264,329,634
North America,US,North Carolina,2020-04-28,36646,17891,3202,5497,351,648
North America,US,North Carolina,2020-04-29,38182,18256,3283,5727,374,661
North America,US,North Carolina,2020-04-30,39699,18580,3356,5955,397,672
North America,US,North Carolina,2020-05-01,41193,18862,3424,6179,421,681
North America,US,North Carolina,2020-05-02,42660,19101,3484,6399,445,689
North America,US,North Carolina,2020-05-03,44099,19297,3537,6615,470,695
North America,US,North Carolina,2020-05-04,45506,19451,3583,6826,495,700
North America,US,North Carolina,2020-05-05,46879,19563,3622,7032,520,703
North America,US,North Carolina,2020-05-06,48215,19632,3654,7232,545,705
North America,US,North Carolina,2020-05-07,49513,19661,3679,7427,571,705
North America,US,North Carolina,2020-05-08,50774,19653,3698,7616,596,704
North America,US,North Carolina,2020-05-09,51996,19607,3709,7799,622,701
North America,US,North Carolina,2020-05-10,53175,19525,3715,7976,648,698
North America,US,North Carolina,2020-05-11,54309,19403,3713,8146,673,692
North America,US,North Carolina,2020-05-12,55398,19246,3704,8310,699,686
North America,US,North Carolina,2020-05-13,56444,19058,3690,8467,725,678
North America,US,North Carolina,2020-05-14,57450,18843,3671,8617,750,669
North America,US,North Carolina,2020-05-15,58416,18603,3646,8762,775,660
North America,US,North Carolina,2020-05-16,59339,18339,3617,8901,800,650
North America,US,North Carolina,2020-05-17,60218,18048,3582,9033,825,638
North America,US,North Carolina,2020-05-18,61050,17729,3542,9157,849,626
North America,US,North Carolina,2020-05-19,61841,17391,3497,9276,873,613
North America,US,North Carolina,2020-05-20,62594,17039,3450,9389,897,600
North America,US,North Carolina,2020-05-21,63312,16674,3399,9497,920,586
North America,US,North Carolina,2020-05-22,63993,16299,3345,9599,943,572
North America,US,North Carolina,2020-05-23,64637,15911,3288,9696,966,557
North America,US,North Carolina,2020-05-24,65240,15508,3228,9786,988,542
North America,US,North Carolina,2020-05-25,65807,15095,3165,9871,1010,526
North America,US,North Carolina,2020-05-26,66343,14677,3100,9951,1031,511
North America,US,North Carolina,2020-05-27,66848,14257,3034,10027,1052,495
North America,US,North Carolina,2020-05-28,67325,13836,2967,10099,1072,480
North America,US,North Carolina,2020-05-29,67772,13414,2898,10166,1092,464
North America,US,North Carolina,2020-05-30,68189,12987,2828,10228,1111,448
North America,US,North Carolina,2020-05-31,68577,12561,2757,10287,1130,433
North America,US,North Carolina,2020-06-01,68942,12138,2686,10341,1148,417
North America,US,North Carolina,2020-06-02,69283,11719,2614,10392,1166,402
North America,US,North Carolina,2020-06-03,69602,11306,2543,10440,1183,387
North America,US,North Carolina,2020-06-04,69899,10897,2471,10485,1199,372
North America,US,North Carolina,2020-06-05,70175,10492,2400,10526,1216,357
North America,US,North Carolina,2020-06-06,70430,10094,2329,10565,1231,343
North America,US,North Carolina,2020-06-07,70668,9704,2258,10600,1246,328
North America,US,North Carolina,2020-06-08,70890,9322,2189,10633,1261,315
North America,US,North Carolina,2020-06-09,71096,8949,2120,10664,1275,301
North America,US,North Carolina,2020-06-10,71286,8585,2052,10693,1289,288
North America,US,North Carolina,2020-06-11,71462,8228,1985,10719,1302,275
North America,US,North Carolina,2020-06-12,71624,7881,1919,10744,1315,263
North America,US,North Carolina,2020-06-13,71774,7544,1854,10766,1327,251
North America,US,North Carolina,2020-06-14,71912,7217,1790,10787,1339,239
North America,US,North Carolina,2020-06-15,72041,6900,1728,10806,1351,228
North America,US,North Carolina,2020-06-16,72159,6594,1667,10824,1362,217
North America,US,North Carolina,2020-06-17,72268,6297,1608,10840,1372,207
North America,US,North Carolina,2020-06-18,72367,6009,1550,10855,1382,197
North America,US,North Carolina,2020-06-19,72458,5732,1493,10869,1392,187
North America,US,North Carolina,2020-06-20,72542,5465,1438,10881,1401,178
North America,US,North Carolina,2020-06-21,72620,5208,1384,10893,1411,169
North America,US,North Carolina,2020-06-22,72691,4961,1332,10904,1419,160
North America,US,North Carolina,2020-06-23,72756,4723,1281,10913,1428,152
North America,US,North Carolina,2020-06-24,72815,4495,1232,10922,1435,144
North America,US,North Carolina,2020-06-25,72869,4275,1184,10930,1443,136
North America,US,North Carolina,2020-06-26,72919,4065,1138,10938,1450,129
North America,US,North Carolina,2020-06-27,72964,3864,1093,10945,1457,122
North America,US,North Carolina,2020-06-28,73006,3671,1050,10951,1464,116
North America,US,North Carolina,2020-06-29,73044,3487,1008,10957,1471,109
North America,US,North Carolina,2020-06-30,73078,3311,967,10962,1477,103
North America,US,North Carolina,2020-07-01,73109,3142,928,10966,1483,98
North America,US,North Carolina,2020-07-02,73138,2981,890,10971,1488,92
North America,US,North Carolina,2020-07-03,73164,2828,854,10975,1494,87
North America,US,North Carolina,2020-07-04,73188,2681,819,10978,1499,82
North America,US,North Carolina,2020-07-05,73209,2542,785,10981,1504,78
North America,US,North Carolina,2020-07-06,73229,2409,752,10984,1509,73
North America,US,North Carolina,2020-07-07,73247,2283,721,10987,1513,69
North America,US,North Carolina,2020-07-08,73263,2163,691,10989,1517,65
North America,US,North Carolina,2020-07-09,73277,2048,661,10992,1521,61
North America,US,North Carolina,2020-07-10,73290,1939,633,10994,1525,58
North America,US,North Carolina,2020-07-11,73302,1836,607,10995,1529,54
North America,US,North Carolina,2020-07-12,73313,1738,581,10997,1533,51
North America,US,North Carolina,2020-07-13,73323,1645,556,10998,1536,48
North America,US,North Carolina,2020-07-14,73332,1556,532,11000,1539,45
North America,US,North Carolina,2020-07-15,73340,1472,509,11001,1542,42
North America,US,North Carolina,2020-07-16,73347,1393,487,11002,1545,40
North America,US,North Carolina,2020-07-17,73353,1317,466,11003,1548,38
North America,US,North Carolina,2020-07-18,73359,1246,446,11004,1551,35
North America,US,North Carolina,2020-07-19,73365,1178,427,11005,1554,33
North America,US,North Carolina,2020-07-20,73369,1114,408,11005,1556,31
North America,US,North Carolina,2020-07-21,73374,1053,390,11006,1558,29
North America,US,North Carolina,2020-07-22,73378,995,373,11007,1561,27
North America,US,North Carolina,2020-07-23,73381,941,357,11007,1563,26
North America,US,North Carolina,2020-07-24,73384,889,341,11008,1565,24
North America,US,North Carolina,2020-07-25,73387,840,326,11008,1567,23
North America,US,North Carolina,2020-07-26,73390,794,312,11008,1568,21
North America,US,North Carolina,2020-07-27,73392,751,298,11009,1570,20
North America,US,North Carolina,2020-07-28,73394,709,285,11009,1572,19
North America,US,North Carolina,2020-07-29,73396,670,272,11009,1573,18
North America,US,North Carolina,2020-07-30,73397,633,260,11010,1575,16
North America,US,North Carolina,2020-07-31,73399,599,249,11010,1576,15
North America,US,North Carolina,2020-08-01,73400,566,237,11010,1578,14
North America,US,North Carolina,2020-08-02,73401,534,227,11010,1579,14
North America,US,North Carolina,2020-08-03,73402,505,217,11010,1580,13
North America,US,North Carolina,2020-08-04,73403,477,207,11011,1581,12
North America,US,North Carolina,2020-08-05,73404,451,198,11011,1583,11
North America,US,North Carolina,2020-08-06,73405,426,189,11011,1584,10
North America,US,North Carolina,2020-08-07,73406,403,181,11011,1585,10
North America,US,North Carolina,2020-08-08,73406,380,173,11011,1586,9
North America,US,North Carolina,2020-08-09,73407,360,165,11011,1587,9
North America,US,North Carolina,2020-08-10,73407,340,157,11011,1587,8
North America,US,North Carolina,2020-08-11,73408,321,150,11011,1588,8
North America,US,North Carolina,2020-08-12,73408,304,144,11011,1589,7
North America,US,North Carolina,2020-08-13,73408,287,137,11011,1590,7
North America,US,North Carolina,2020-08-14,73409,271,131,11011,1591,6
North America,US,North Carolina,2020-08-15,73409,256,125,11011,1591,6
North America,US,North Carolina,2020-08-16,73409,242,120,11011,1592,5
North America,US,North Carolina,2020-08-17,73409,229,114,11011,1593,5
North America,US,North Carolina,2020-08-18,73410,217,109,11011,1593,5
North America,US,North Carolina,2020-08-19,73410,205,104,11011,1594,4
North America,US,North Carolina,2020-08-20,73410,194,99,11011,1594,4
North America,US,North Carolina,2020-08-21,73410,183,95,11012,1595,4
North America,US,North Carolina,2020-08-22,73410,173,91,11012,1595,4
North America,US,North Carolina,2020-08-23,73410,164,87,11012,1596,3
North America,US,North Carolina,2020-08-24,73410,155,83,11012,1596,3
North America,US,North Carolina,2020-08-25,73411,147,79,11012,1597,3
North America,US,North Carolina,2020-08-26,73411,139,75,11012,1597,3
North America,US,North Carolina,2020-08-27,73411,131,72,11012,1597,3
North America,US,North Carolina,2020-08-28,73411,124,69,11012,1598,2
North America,US,North Carolina,2020-08-29,73411,118,66,11012,1598,2
North America,US,North Carolina,2020-08-30,73411,111,63,11012,1598,2
North America,US,North Carolina,2020-08-31,73411,105,60,11012,1599,2
North America,US,North Carolina,2020-09-01,73411,100,57,11012,1599,2
North America,US,North Dakota,2020-03-30,109,97,15,15,2,4
North America,US,North Dakota,2020-03-31,113,95,15,15,2,4
North America,US,North Dakota,2020-04-01,119,95,15,16,2,4
North America,US,North Dakota,2020-04-02,127,96,15,17,2,4
North America,US,North Dakota,2020-04-03,136,99,16,19,3,4
North America,US,North Dakota,2020-04-04,147,103,17,20,3,4
North America,US,North Dakota,2020-04-05,160,109,18,22,3,4
North America,US,North Dakota,2020-04-06,174,116,19,24,3,4
North America,US,North Dakota,2020-04-07,191,125,21,27,3,5
North America,US,North Dakota,2020-04-08,209,135,23,30,3,5
North America,US,North Dakota,2020-04-09,231,147,25,33,4,5
North America,US,North Dakota,2020-04-10,254,161,27,36,4,6
North America,US,North Dakota,2020-04-11,281,176,30,40,4,6
North America,US,North Dakota,2020-04-12,310,193,33,45,4,7
North America,US,North Dakota,2020-04-13,342,212,36,49,5,8
North America,US,North Dakota,2020-04-14,377,232,39,55,5,9
North America,US,North Dakota,2020-04-15,415,255,43,60,5,9
North America,US,North Dakota,2020-04-16,456,279,47,67,6,10
North America,US,North Dakota,2020-04-17,501,304,52,73,6,11
North America,US,North Dakota,2020-04-18,548,331,56,80,7,12
North America,US,North Dakota,2020-04-19,599,359,61,88,7,13
North America,US,North Dakota,2020-04-20,653,389,66,96,8,14
North America,US,North Dakota,2020-04-21,710,420,72,105,8,15
North America,US,North Dakota,2020-04-22,771,451,77,114,9,17
North America,US,North Dakota,2020-04-23,833,484,83,123,9,18
North America,US,North Dakota,2020-04-24,899,517,89,133,10,19
North America,US,North Dakota,2020-04-25,968,551,95,143,11,20
North America,US,North Dakota,2020-04-26,1039,585,101,154,12,21
North America,US,North Dakota,2020-04-27,1112,619,107,165,13,23
North America,US,North Dakota,2020-04-28,1188,653,113,176,13,24
North America,US,North Dakota,2020-04-29,1265,686,119,188,14,25
North America,US,North Dakota,2020-04-30,1344,720,126,200,15,26
North America,US,North Dakota,2020-05-01,1425,753,132,212,16,27
North America,US,North Dakota,2020-05-02,1507,785,138,224,17,29
North America,US,North Dakota,2020-05-03,1590,816,144,237,19,30
North America,US,North Dakota,2020-05-04,1674,845,149,249,20,31
North America,US,North Dakota,2020-05-05,1758,874,155,262,21,32
North America,US,North Dakota,2020-05-06,1843,901,160,275,22,33
North America,US,North Dakota,2020-05-07,1928,927,166,287,24,34
North America,US,North Dakota,2020-05-08,2013,951,171,300,25,34
North America,US,North Dakota,2020-05-09,2098,973,175,313,26,35
North America,US,North Dakota,2020-05-10,2182,993,180,326,28,36
North America,US,North Dakota,2020-05-11,2266,1012,184,338,29,37
North America,US,North Dakota,2020-05-12,2349,1028,187,350,30,37
North America,US,North Dakota,2020-05-13,2430,1043,191,363,32,38
North America,US,North Dakota,2020-05-14,2511,1055,194,375,33,38
North America,US,North Dakota,2020-05-15,2591,1066,197,387,35,38
North America,US,North Dakota,2020-05-16,2668,1074,199,398,36,39
North America,US,North Dakota,2020-05-17,2745,1080,202,410,38,39
North America,US,North Dakota,2020-05-18,2819,1085,203,421,39,39
North America,US,North Dakota,2020-05-19,2892,1087,205,432,41,39
North America,US,North Dakota,2020-05-20,2963,1087,206,443,42,39
North America,US,North Dakota,2020-05-21,3032,1086,207,453,44,39
North America,US,North Dakota,2020-05-22,3098,1082,207,463,45,39
North America,US,North Dakota,2020-05-23,3163,1077,207,473,47,38
North America,US,North Dakota,2020-05-24,3226,1070,207,482,48,38
North America,US,North Dakota,2020-05-25,3286,1062,206,491,50,38
North America,US,North Dakota,2020-05-26,3345,1052,206,500,51,37
North America,US,North Dakota,2020-05-27,3401,1041,204,508,53,37
North America,US,North Dakota,2020-05-28,3455,1028,203,516,54,36
North America,US,North Dakota,2020-05-29,3507,1014,201,524,56,36
North America,US,North Dakota,2020-05-30,3556,998,200,532,57,35
North America,US,North Dakota,2020-05-31,3604,982,197,539,58,35
North America,US,North Dakota,2020-06-01,3649,964,195,546,60,34
North America,US,North Dakota,2020-06-02,3693,946,193,552,61,33
North America,US,North Dakota,2020-06-03,3734,927,190,558,62,33
North America,US,North Dakota,2020-06-04,3774,908,187,564,64,32
North America,US,North Dakota,2020-06-05,3811,887,184,570,65,31
North America,US,North Dakota,2020-06-06,3846,866,181,575,66,30
North America,US,North Dakota,2020-06-07,3880,845,178,580,67,29
North America,US,North Dakota,2020-06-08,3912,823,174,585,68,29
North America,US,North Dakota,2020-06-09,3942,801,171,590,70,28
North America,US,North Dakota,2020-06-10,3971,779,167,594,71,27
North America,US,North Dakota,2020-06-11,3997,756,164,598,72,26
North America,US,North Dakota,2020-06-12,4023,734,160,602,73,25
North America,US,North Dakota,2020-06-13,4047,711,156,605,74,24
North America,US,North Dakota,2020-06-14,4069,689,152,609,75,24
North America,US,North Dakota,2020-06-15,4091,667,149,612,76,23
North America,US,North Dakota,2020-06-16,4110,645,145,615,77,22
North America,US,North Dakota,2020-06-17,4129,623,141,618,78,21
North America,US,North Dakota,2020-06-18,4146,601,137,620,78,20
North America,US,North Dakota,2020-06-19,4163,580,133,623,79,20
North America,US,North Dakota,2020-06-20,4178,559,129,625,80,19
North America,US,North Dakota,2020-06-21,4192,538,126,627,81,18
North America,US,North Dakota,2020-06-22,4206,518,122,629,82,17
North America,US,North Dakota,2020-06-23,4218,498,118,631,82,17
North America,US,North Dakota,2020-06-24,4230,478,115,633,83,16
North America,US,North Dakota,2020-06-25,4240,459,111,634,84,15
North America,US,North Dakota,2020-06-26,4250,441,107,636,84,15
North America,US,North Dakota,2020-06-27,4260,423,104,637,85,14
North America,US,North Dakota,2020-06-28,4268,405,100,638,85,13
North America,US,North Dakota,2020-06-29,4276,388,97,640,86,13
North America,US,North Dakota,2020-06-30,4284,371,94,641,86,12
North America,US,North Dakota,2020-07-01,4291,355,90,642,87,12
North America,US,North Dakota,2020-07-02,4297,339,87,643,87,11
North America,US,North Dakota,2020-07-03,4303,324,84,644,88,11
North America,US,North Dakota,2020-07-04,4308,310,81,644,88,10
North America,US,North Dakota,2020-07-05,4314,296,78,645,89,10
North America,US,North Dakota,2020-07-06,4318,282,75,646,89,9
North America,US,North Dakota,2020-07-07,4322,269,73,647,90,9
North America,US,North Dakota,2020-07-08,4326,257,70,647,90,8
North America,US,North Dakota,2020-07-09,4330,244,67,648,90,8
North America,US,North Dakota,2020-07-10,4333,233,65,648,91,7
North America,US,North Dakota,2020-07-11,4336,222,62,649,91,7
North America,US,North Dakota,2020-07-12,4339,211,60,649,91,7
North America,US,North Dakota,2020-07-13,4342,201,57,649,92,6
North America,US,North Dakota,2020-07-14,4344,191,55,650,92,6
North America,US,North Dakota,2020-07-15,4346,181,53,650,92,6
North America,US,North Dakota,2020-07-16,4348,172,51,650,92,5
North America,US,North Dakota,2020-07-17,4350,164,49,651,93,5
North America,US,North Dakota,2020-07-18,4352,156,47,651,93,5
North America,US,North Dakota,2020-07-19,4354,148,45,651,93,5
North America,US,North Dakota,2020-07-20,4355,140,43,651,93,4
North America,US,North Dakota,2020-07-21,4356,133,41,652,93,4
North America,US,North Dakota,2020-07-22,4357,126,40,652,94,4
North America,US,North Dakota,2020-07-23,4359,120,38,652,94,4
North America,US,North Dakota,2020-07-24,4359,113,37,652,94,3
North America,US,North Dakota,2020-07-25,4360,107,35,652,94,3
North America,US,North Dakota,2020-07-26,4361,102,34,652,94,3
North America,US,North Dakota,2020-07-27,4362,96,32,652,94,3
North America,US,North Dakota,2020-07-28,4363,91,31,653,94,3
North America,US,North Dakota,2020-07-29,4363,87,29,653,95,3
North America,US,North Dakota,2020-07-30,4364,82,28,653,95,2
North America,US,North Dakota,2020-07-31,4364,78,27,653,95,2
North America,US,North Dakota,2020-08-01,4365,73,26,653,95,2
North America,US,North Dakota,2020-08-02,4365,69,25,653,95,2
North America,US,North Dakota,2020-08-03,4366,66,24,653,95,2
North America,US,North Dakota,2020-08-04,4366,62,23,653,95,2
North America,US,North Dakota,2020-08-05,4366,59,22,653,95,2
North America,US,North Dakota,2020-08-06,4366,56,21,653,95,2
North America,US,North Dakota,2020-08-07,4367,53,20,653,95,1
North America,US,North Dakota,2020-08-08,4367,50,19,653,96,1
North America,US,North Dakota,2020-08-09,4367,47,18,653,96,1
North America,US,North Dakota,2020-08-10,4367,44,17,653,96,1
North America,US,North Dakota,2020-08-11,4368,42,17,653,96,1
North America,US,North Dakota,2020-08-12,4368,40,16,653,96,1
North America,US,North Dakota,2020-08-13,4368,38,15,653,96,1
North America,US,North Dakota,2020-08-14,4368,36,14,653,96,1
North America,US,North Dakota,2020-08-15,4368,34,14,653,96,1
North America,US,North Dakota,2020-08-16,4368,32,13,653,96,1
North America,US,North Dakota,2020-08-17,4368,30,13,653,96,1
North America,US,North Dakota,2020-08-18,4368,28,12,653,96,1
North America,US,North Dakota,2020-08-19,4368,27,12,653,96,1
North America,US,North Dakota,2020-08-20,4369,25,11,653,96,1
North America,US,North Dakota,2020-08-21,4369,24,11,653,96,1
North America,US,North Dakota,2020-08-22,4369,23,10,653,96,1
North America,US,North Dakota,2020-08-23,4369,21,10,654,96,1
North America,US,North Dakota,2020-08-24,4369,20,9,654,96,0
North America,US,North Dakota,2020-08-25,4369,19,9,654,96,0
North America,US,North Dakota,2020-08-26,4369,18,8,654,96,0
North America,US,North Dakota,2020-08-27,4369,17,8,654,96,0
North America,US,North Dakota,2020-08-28,4369,16,8,654,96,0
North America,US,North Dakota,2020-08-29,4369,15,7,654,96,0
North America,US,North Dakota,2020-08-30,4369,14,7,654,96,0
North America,US,North Dakota,2020-08-31,4369,14,7,654,96,0
North America,US,North Dakota,2020-09-01,4369,13,6,654,96,0
North America,US,Ohio,2020-03-19,119,119,18,18,0,4
North America,US,Ohio,2020-03-20,129,121,18,19,0,5
North America,US,Ohio,2020-03-21,147,131,20,22,1,5
North America,US,Ohio,2020-03-22,173,148,23,26,2,6
North America,US,Ohio,2020-03-23,207,171,27,31,2,6
North America,US,Ohio,2020-03-24,250,202,32,38,3,8
North America,US,Ohio,2020-03-25,304,241,39,46,4,9
North America,US,Ohio,2020-03-26,369,289,46,55,5,11
North America,US,Ohio,2020-03-27,449,348,56,67,6,13
North America,US,Ohio,2020-03-28,544,418,67,82,8,15
North America,US,Ohio,2020-03-29,656,500,81,98,9,19
North America,US,Ohio,2020-03-30,790,597,96,118,12,22
North America,US,Ohio,2020-03-31,946,711,115,142,14,26
North America,US,Ohio,2020-04-01,1128,842,136,169,17,31
North America,US,Ohio,2020-04-02,1337,991,161,201,21,37
North America,US,Ohio,2020-04-03,1577,1160,188,237,25,43
North America,US,Ohio,2020-04-04,1850,1351,220,278,30,50
North America,US,Ohio,2020-04-05,2160,1566,255,324,35,58
North America,US,Ohio,2020-04-06,2508,1802,294,376,42,67
North America,US,Ohio,2020-04-07,2895,2062,337,434,49,76
North America,US,Ohio,2020-04-08,3324,2347,384,499,58,87
North America,US,Ohio,2020-04-09,3799,2658,436,570,68,98
North America,US,Ohio,2020-04-10,4319,2993,492,648,78,110
North America,US,Ohio,2020-04-11,4885,3350,552,733,90,123
North America,US,Ohio,2020-04-12,5498,3730,617,825,104,137
North America,US,Ohio,2020-04-13,6160,4135,685,924,119,152
North America,US,Ohio,2020-04-14,6872,4561,758,1031,136,168
North America,US,Ohio,2020-04-15,7630,5005,834,1144,154,184
North America,US,Ohio,2020-04-16,8433,5465,913,1265,173,201
North America,US,Ohio,2020-04-17,9283,5941,995,1393,195,218
North America,US,Ohio,2020-04-18,10181,6433,1081,1527,218,236
North America,US,Ohio,2020-04-19,11123,6936,1169,1668,243,254
North America,US,Ohio,2020-04-20,12103,7446,1259,1816,270,273
North America,US,Ohio,2020-04-21,13121,7959,1350,1968,299,292
North America,US,Ohio,2020-04-22,14176,8474,1442,2126,330,310
North America,US,Ohio,2020-04-23,15266,8992,1535,2290,362,329
North America,US,Ohio,2020-04-24,16389,9509,1629,2458,397,348
North America,US,Ohio,2020-04-25,17538,10018,1722,2631,433,366
North America,US,Ohio,2020-04-26,18709,10517,1814,2806,471,384
North America,US,Ohio,2020-04-27,19899,11002,1905,2985,511,401
North America,US,Ohio,2020-04-28,21107,11474,1994,3166,552,418
North America,US,Ohio,2020-04-29,22332,11933,2081,3350,595,435
North America,US,Ohio,2020-04-30,23567,12373,2166,3535,639,450
North America,US,Ohio,2020-05-01,24808,12791,2248,3721,685,465
North America,US,Ohio,2020-05-02,26051,13184,2326,3908,733,479
North America,US,Ohio,2020-05-03,27291,13550,2401,4094,781,492
North America,US,Ohio,2020-05-04,28529,13890,2471,4279,831,504
North America,US,Ohio,2020-05-05,29762,14205,2538,4464,882,515
North America,US,Ohio,2020-05-06,30987,14492,2600,4648,933,525
North America,US,Ohio,2020-05-07,32198,14749,2658,4830,986,533
North America,US,Ohio,2020-05-08,33393,14973,2711,5009,1039,541
North America,US,Ohio,2020-05-09,34570,15166,2758,5185,1093,547
North America,US,Ohio,2020-05-10,35726,15327,2800,5359,1148,553
North America,US,Ohio,2020-05-11,36860,15457,2837,5529,1202,557
North America,US,Ohio,2020-05-12,37971,15556,2870,5696,1257,560
North America,US,Ohio,2020-05-13,39055,15623,2896,5858,1313,561
North America,US,Ohio,2020-05-14,40111,15658,2917,6017,1368,562
North America,US,Ohio,2020-05-15,41139,15665,2934,6171,1423,562
North America,US,Ohio,2020-05-16,42140,15646,2945,6321,1478,560
North America,US,Ohio,2020-05-17,43112,15601,2952,6467,1533,558
North America,US,Ohio,2020-05-18,44055,15531,2954,6608,1587,555
North America,US,Ohio,2020-05-19,44965,15435,2952,6745,1641,551
North America,US,Ohio,2020-05-20,45841,15312,2944,6876,1694,546
North America,US,Ohio,2020-05-21,46679,15159,2932,7002,1747,539
North America,US,Ohio,2020-05-22,47484,14984,2915,7123,1799,532
North America,US,Ohio,2020-05-23,48258,14791,2894,7239,1850,525
North America,US,Ohio,2020-05-24,49002,14581,2870,7350,1901,517
North America,US,Ohio,2020-05-25,49715,14355,2843,7457,1950,508
North America,US,Ohio,2020-05-26,50394,14112,2811,7559,1999,499
North America,US,Ohio,2020-05-27,51041,13851,2777,7656,2046,489
North America,US,Ohio,2020-05-28,51657,13579,2740,7749,2093,478
North America,US,Ohio,2020-05-29,52244,13295,2700,7837,2138,467
North America,US,Ohio,2020-05-30,52803,13003,2658,7920,2183,456
North America,US,Ohio,2020-05-31,53333,12701,2613,8000,2226,445
North America,US,Ohio,2020-06-01,53834,12390,2567,8075,2268,433
North America,US,Ohio,2020-06-02,54307,12073,2518,8146,2309,422
North America,US,Ohio,2020-06-03,54755,11751,2468,8213,2349,410
North America,US,Ohio,2020-06-04,55180,11427,2417,8277,2387,397
North America,US,Ohio,2020-06-05,55581,11101,2365,8337,2424,385
North America,US,Ohio,2020-06-06,55959,10773,2312,8394,2460,373
North America,US,Ohio,2020-06-07,56312,10443,2257,8447,2495,361
North America,US,Ohio,2020-06-08,56643,10111,2202,8496,2529,349
North America,US,Ohio,2020-06-09,56954,9781,2147,8543,2562,337
North America,US,Ohio,2020-06-10,57247,9455,2091,8587,2593,325
North America,US,Ohio,2020-06-11,57522,9133,2036,8628,2623,313
North America,US,Ohio,2020-06-12,57781,8815,1980,8667,2652,302
North America,US,Ohio,2020-06-13,58022,8500,1925,8703,2680,290
North America,US,Ohio,2020-06-14,58245,8187,1869,8737,2707,279
North America,US,Ohio,2020-06-15,58453,7880,1814,8768,2732,268
North America,US,Ohio,2020-06-16,58647,7578,1760,8797,2757,257
North America,US,Ohio,2020-06-17,58829,7284,1706,8824,2781,246
North America,US,Ohio,2020-06-18,58999,6997,1652,8850,2803,236
North America,US,Ohio,2020-06-19,59157,6716,1600,8874,2825,226
North America,US,Ohio,2020-06-20,59302,6441,1548,8895,2845,216
North America,US,Ohio,2020-06-21,59437,6173,1497,8916,2865,206
North America,US,Ohio,2020-06-22,59562,5912,1447,8934,2884,197
North America,US,Ohio,2020-06-23,59678,5660,1397,8952,2902,188
North America,US,Ohio,2020-06-24,59786,5415,1349,8968,2919,179
North America,US,Ohio,2020-06-25,59886,5178,1302,8983,2935,171
North America,US,Ohio,2020-06-26,59977,4947,1256,8997,2951,163
North America,US,Ohio,2020-06-27,60062,4725,1211,9009,2966,155
North America,US,Ohio,2020-06-28,60140,4510,1167,9021,2980,147
North America,US,Ohio,2020-06-29,60212,4302,1124,9032,2993,140
North America,US,Ohio,2020-06-30,60279,4103,1083,9042,3006,133
North America,US,Ohio,2020-07-01,60340,3911,1042,9051,3018,127
North America,US,Ohio,2020-07-02,60397,3725,1003,9059,3029,120
North America,US,Ohio,2020-07-03,60448,3547,965,9067,3040,114
North America,US,Ohio,2020-07-04,60496,3376,928,9074,3050,108
North America,US,Ohio,2020-07-05,60539,3212,892,9081,3060,102
North America,US,Ohio,2020-07-06,60579,3055,857,9087,3069,97
North America,US,Ohio,2020-07-07,60616,2904,823,9092,3078,92
North America,US,Ohio,2020-07-08,60650,2760,790,9098,3086,87
North America,US,Ohio,2020-07-09,60681,2622,759,9102,3094,82
North America,US,Ohio,2020-07-10,60709,2489,728,9106,3101,78
North America,US,Ohio,2020-07-11,60734,2363,699,9110,3108,73
North America,US,Ohio,2020-07-12,60758,2243,671,9114,3115,69
North America,US,Ohio,2020-07-13,60780,2128,643,9117,3121,66
North America,US,Ohio,2020-07-14,60799,2018,617,9120,3127,62
North America,US,Ohio,2020-07-15,60817,1914,591,9123,3132,58
North America,US,Ohio,2020-07-16,60833,1814,567,9125,3137,55
North America,US,Ohio,2020-07-17,60848,1719,543,9127,3142,52
North America,US,Ohio,2020-07-18,60862,1628,520,9129,3147,49
North America,US,Ohio,2020-07-19,60874,1542,498,9131,3151,46
North America,US,Ohio,2020-07-20,60885,1461,477,9133,3155,43
North America,US,Ohio,2020-07-21,60895,1383,457,9134,3159,41
North America,US,Ohio,2020-07-22,60905,1309,438,9136,3163,38
North America,US,Ohio,2020-07-23,60913,1239,419,9137,3166,36
North America,US,Ohio,2020-07-24,60921,1172,401,9138,3169,34
North America,US,Ohio,2020-07-25,60927,1109,384,9139,3172,32
North America,US,Ohio,2020-07-26,60934,1049,367,9140,3175,30
North America,US,Ohio,2020-07-27,60939,992,351,9141,3178,28
North America,US,Ohio,2020-07-28,60945,938,336,9142,3180,27
North America,US,Ohio,2020-07-29,60949,887,321,9142,3183,25
North America,US,Ohio,2020-07-30,60953,839,307,9143,3185,23
North America,US,Ohio,2020-07-31,60957,793,294,9144,3187,22
North America,US,Ohio,2020-08-01,60961,749,281,9144,3189,21
North America,US,Ohio,2020-08-02,60964,708,269,9145,3191,19
North America,US,Ohio,2020-08-03,60967,669,257,9145,3192,18
North America,US,Ohio,2020-08-04,60969,633,246,9145,3194,17
North America,US,Ohio,2020-08-05,60971,598,235,9146,3195,16
North America,US,Ohio,2020-08-06,60973,565,224,9146,3197,15
North America,US,Ohio,2020-08-07,60975,533,215,9146,3198,14
North America,US,Ohio,2020-08-08,60977,504,205,9147,3199,13
North America,US,Ohio,2020-08-09,60978,476,196,9147,3201,12
North America,US,Ohio,2020-08-10,60980,450,187,9147,3202,12
North America,US,Ohio,2020-08-11,60981,425,179,9147,3203,11
North America,US,Ohio,2020-08-12,60982,401,171,9147,3204,10
North America,US,Ohio,2020-08-13,60983,379,163,9147,3204,10
North America,US,Ohio,2020-08-14,60984,358,156,9148,3205,9
North America,US,Ohio,2020-08-15,60985,338,149,9148,3206,8
North America,US,Ohio,2020-08-16,60985,320,142,9148,3207,8
North America,US,Ohio,2020-08-17,60986,302,136,9148,3208,7
North America,US,Ohio,2020-08-18,60987,285,130,9148,3208,7
North America,US,Ohio,2020-08-19,60987,269,124,9148,3209,6
North America,US,Ohio,2020-08-20,60988,254,119,9148,3209,6
North America,US,Ohio,2020-08-21,60988,240,113,9148,3210,6
North America,US,Ohio,2020-08-22,60988,227,108,9148,3210,5
North America,US,Ohio,2020-08-23,60989,215,103,9148,3211,5
North America,US,Ohio,2020-08-24,60989,203,99,9148,3211,5
North America,US,Ohio,2020-08-25,60989,191,94,9148,3212,4
North America,US,Ohio,2020-08-26,60990,181,90,9148,3212,4
North America,US,Ohio,2020-08-27,60990,171,86,9148,3212,4
North America,US,Ohio,2020-08-28,60990,162,82,9148,3213,4
North America,US,Ohio,2020-08-29,60990,153,78,9149,3213,3
North America,US,Ohio,2020-08-30,60990,144,75,9149,3213,3
North America,US,Ohio,2020-08-31,60990,136,71,9149,3214,3
North America,US,Ohio,2020-09-01,60991,129,68,9149,3214,3
North America,US,Oklahoma,2020-03-24,106,88,13,13,3,3
North America,US,Oklahoma,2020-03-25,195,168,26,27,3,6
North America,US,Oklahoma,2020-03-26,281,241,37,39,4,9
North America,US,Oklahoma,2020-03-27,371,313,49,53,4,12
North America,US,Oklahoma,2020-03-28,469,389,61,68,5,14
North America,US,Oklahoma,2020-03-29,579,470,74,84,6,17
North America,US,Oklahoma,2020-03-30,701,559,89,102,7,21
North America,US,Oklahoma,2020-03-31,836,655,105,123,8,24
North America,US,Oklahoma,2020-04-01,987,760,122,145,10,28
North America,US,Oklahoma,2020-04-02,1154,874,141,170,12,32
North America,US,Oklahoma,2020-04-03,1337,996,161,198,14,37
North America,US,Oklahoma,2020-04-04,1536,1127,183,228,16,42
North America,US,Oklahoma,2020-04-05,1753,1266,207,260,18,47
North America,US,Oklahoma,2020-04-06,1988,1414,232,295,21,52
North America,US,Oklahoma,2020-04-07,2239,1568,258,333,24,58
North America,US,Oklahoma,2020-04-08,2507,1729,286,373,27,64
North America,US,Oklahoma,2020-04-09,2791,1896,314,416,31,70
North America,US,Oklahoma,2020-04-10,3093,2069,344,461,35,76
North America,US,Oklahoma,2020-04-11,3410,2246,375,509,39,83
North America,US,Oklahoma,2020-04-12,3740,2425,407,558,43,89
North America,US,Oklahoma,2020-04-13,4083,2605,439,610,48,96
North America,US,Oklahoma,2020-04-14,4438,2785,471,663,53,102
North America,US,Oklahoma,2020-04-15,4805,2966,503,718,58,109
North America,US,Oklahoma,2020-04-16,5182,3145,536,775,64,115
North America,US,Oklahoma,2020-04-17,5567,3320,568,832,70,121
North America,US,Oklahoma,2020-04-18,5957,3490,599,891,76,128
North America,US,Oklahoma,2020-04-19,6353,3654,630,950,82,133
North America,US,Oklahoma,2020-04-20,6753,3812,660,1010,89,139
North America,US,Oklahoma,2020-04-21,7155,3963,689,1071,96,144
North America,US,Oklahoma,2020-04-22,7558,4105,717,1131,103,149
North America,US,Oklahoma,2020-04-23,7961,4237,744,1191,110,154
North America,US,Oklahoma,2020-04-24,8361,4359,769,1251,117,158
North America,US,Oklahoma,2020-04-25,8757,4470,792,1311,125,162
North America,US,Oklahoma,2020-04-26,9149,4569,814,1370,132,166
North America,US,Oklahoma,2020-04-27,9536,4657,833,1428,140,169
North America,US,Oklahoma,2020-04-28,9915,4733,851,1485,148,171
North America,US,Oklahoma,2020-04-29,10287,4796,867,1540,156,173
North America,US,Oklahoma,2020-04-30,10651,4848,881,1595,163,175
North America,US,Oklahoma,2020-05-01,11006,4890,894,1648,171,176
North America,US,Oklahoma,2020-05-02,11353,4920,904,1700,179,177
North America,US,Oklahoma,2020-05-03,11689,4938,912,1751,187,178
North America,US,Oklahoma,2020-05-04,12013,4943,919,1799,195,178
North America,US,Oklahoma,2020-05-05,12324,4935,923,1846,203,177
North America,US,Oklahoma,2020-05-06,12623,4917,925,1891,210,176
North America,US,Oklahoma,2020-05-07,12911,4889,925,1934,218,175
North America,US,Oklahoma,2020-05-08,13189,4853,924,1976,226,173
North America,US,Oklahoma,2020-05-09,13454,4807,921,2015,233,171
North America,US,Oklahoma,2020-05-10,13707,4752,916,2053,240,169
North America,US,Oklahoma,2020-05-11,13948,4689,910,2089,248,167
North America,US,Oklahoma,2020-05-12,14177,4618,903,2124,255,164
North America,US,Oklahoma,2020-05-13,14394,4542,894,2156,262,161
North America,US,Oklahoma,2020-05-14,14601,4459,884,2187,269,158
North America,US,Oklahoma,2020-05-15,14797,4371,872,2217,275,154
North America,US,Oklahoma,2020-05-16,14980,4277,860,2244,282,151
North America,US,Oklahoma,2020-05-17,15154,4179,846,2270,288,147
North America,US,Oklahoma,2020-05-18,15317,4078,832,2295,294,143
North America,US,Oklahoma,2020-05-19,15472,3974,817,2318,300,139
North America,US,Oklahoma,2020-05-20,15617,3868,801,2340,306,135
North America,US,Oklahoma,2020-05-21,15752,3759,785,2360,312,131
North America,US,Oklahoma,2020-05-22,15879,3649,768,2379,318,127
North America,US,Oklahoma,2020-05-23,15997,3537,750,2397,323,123
North America,US,Oklahoma,2020-05-24,16107,3424,733,2413,328,119
North America,US,Oklahoma,2020-05-25,16210,3312,715,2429,333,115
North America,US,Oklahoma,2020-05-26,16306,3201,696,2443,338,110
North America,US,Oklahoma,2020-05-27,16396,3090,678,2457,343,106
North America,US,Oklahoma,2020-05-28,16478,2979,659,2469,347,102
North America,US,Oklahoma,2020-05-29,16555,2869,641,2481,352,98
North America,US,Oklahoma,2020-05-30,16625,2761,622,2491,356,94
North America,US,Oklahoma,2020-05-31,16691,2654,604,2501,360,90
North America,US,Oklahoma,2020-06-01,16752,2550,585,2510,364,87
North America,US,Oklahoma,2020-06-02,16809,2448,567,2519,368,83
North America,US,Oklahoma,2020-06-03,16860,2347,549,2526,371,79
North America,US,Oklahoma,2020-06-04,16908,2249,531,2533,375,76
North America,US,Oklahoma,2020-06-05,16951,2153,513,2540,378,72
North America,US,Oklahoma,2020-06-06,16992,2060,496,2546,381,69
North America,US,Oklahoma,2020-06-07,17029,1970,479,2552,384,66
North America,US,Oklahoma,2020-06-08,17063,1882,462,2557,387,63
North America,US,Oklahoma,2020-06-09,17094,1797,446,2561,390,60
North America,US,Oklahoma,2020-06-10,17122,1715,430,2566,393,57
North America,US,Oklahoma,2020-06-11,17148,1635,414,2570,395,54
North America,US,Oklahoma,2020-06-12,17172,1559,399,2573,398,51
North America,US,Oklahoma,2020-06-13,17194,1485,384,2576,400,49
North America,US,Oklahoma,2020-06-14,17214,1414,370,2579,403,46
North America,US,Oklahoma,2020-06-15,17232,1345,356,2582,405,44
North America,US,Oklahoma,2020-06-16,17248,1280,342,2585,407,41
North America,US,Oklahoma,2020-06-17,17263,1216,329,2587,409,39
North America,US,Oklahoma,2020-06-18,17277,1156,316,2589,411,37
North America,US,Oklahoma,2020-06-19,17289,1098,304,2591,413,35
North America,US,Oklahoma,2020-06-20,17301,1043,291,2592,414,33
North America,US,Oklahoma,2020-06-21,17311,990,280,2594,416,31
North America,US,Oklahoma,2020-06-22,17320,939,268,2595,418,30
North America,US,Oklahoma,2020-06-23,17329,890,258,2597,419,28
North America,US,Oklahoma,2020-06-24,17336,844,247,2598,421,26
North America,US,Oklahoma,2020-06-25,17343,800,237,2599,422,25
North America,US,Oklahoma,2020-06-26,17349,758,227,2600,423,23
North America,US,Oklahoma,2020-06-27,17355,718,218,2601,424,22
North America,US,Oklahoma,2020-06-28,17360,680,209,2601,426,21
North America,US,Oklahoma,2020-06-29,17365,644,200,2602,427,20
North America,US,Oklahoma,2020-06-30,17369,609,191,2603,428,18
North America,US,Oklahoma,2020-07-01,17372,577,183,2603,429,17
North America,US,Oklahoma,2020-07-02,17376,546,175,2604,430,16
North America,US,Oklahoma,2020-07-03,17379,516,168,2604,431,15
North America,US,Oklahoma,2020-07-04,17381,488,161,2605,432,14
North America,US,Oklahoma,2020-07-05,17384,462,154,2605,433,14
North America,US,Oklahoma,2020-07-06,17386,436,147,2605,433,13
North America,US,Oklahoma,2020-07-07,17388,412,141,2606,434,12
North America,US,Oklahoma,2020-07-08,17390,390,135,2606,435,11
North America,US,Oklahoma,2020-07-09,17391,368,129,2606,436,11
North America,US,Oklahoma,2020-07-10,17393,348,123,2606,436,10
North America,US,Oklahoma,2020-07-11,17394,329,118,2606,437,9
North America,US,Oklahoma,2020-07-12,17395,311,113,2607,438,9
North America,US,Oklahoma,2020-07-13,17396,294,108,2607,438,8
North America,US,Oklahoma,2020-07-14,17397,277,103,2607,439,8
North America,US,Oklahoma,2020-07-15,17398,262,98,2607,439,7
North America,US,Oklahoma,2020-07-16,17399,247,94,2607,440,7
North America,US,Oklahoma,2020-07-17,17399,234,90,2607,440,6
North America,US,Oklahoma,2020-07-18,17400,221,86,2607,441,6
North America,US,Oklahoma,2020-07-19,17400,208,82,2607,441,6
North America,US,Oklahoma,2020-07-20,17401,197,79,2607,441,5
North America,US,Oklahoma,2020-07-21,17401,186,75,2608,442,5
North America,US,Oklahoma,2020-07-22,17402,176,72,2608,442,5
North America,US,Oklahoma,2020-07-23,17402,166,69,2608,443,4
North America,US,Oklahoma,2020-07-24,17402,157,65,2608,443,4
North America,US,Oklahoma,2020-07-25,17403,148,63,2608,443,4
North America,US,Oklahoma,2020-07-26,17403,140,60,2608,444,4
North America,US,Oklahoma,2020-07-27,17403,132,57,2608,444,3
North America,US,Oklahoma,2020-07-28,17403,125,55,2608,444,3
North America,US,Oklahoma,2020-07-29,17403,118,52,2608,444,3
North America,US,Oklahoma,2020-07-30,17404,111,50,2608,445,3
North America,US,Oklahoma,2020-07-31,17404,105,48,2608,445,3
North America,US,Oklahoma,2020-08-01,17404,99,45,2608,445,2
North America,US,Oklahoma,2020-08-02,17404,94,43,2608,445,2
North America,US,Oklahoma,2020-08-03,17404,88,41,2608,446,2
North America,US,Oklahoma,2020-08-04,17404,84,40,2608,446,2
North America,US,Oklahoma,2020-08-05,17404,79,38,2608,446,2
North America,US,Oklahoma,2020-08-06,17404,75,36,2608,446,2
North America,US,Oklahoma,2020-08-07,17404,71,34,2608,446,2
North America,US,Oklahoma,2020-08-08,17404,67,33,2608,446,1
North America,US,Oklahoma,2020-08-09,17404,63,31,2608,447,1
North America,US,Oklahoma,2020-08-10,17404,60,30,2608,447,1
North America,US,Oklahoma,2020-08-11,17404,56,29,2608,447,1
North America,US,Oklahoma,2020-08-12,17404,53,27,2608,447,1
North America,US,Oklahoma,2020-08-13,17404,50,26,2608,447,1
North America,US,Oklahoma,2020-08-14,17404,48,25,2608,447,1
North America,US,Oklahoma,2020-08-15,17404,45,24,2608,447,1
North America,US,Oklahoma,2020-08-16,17404,43,23,2608,447,1
North America,US,Oklahoma,2020-08-17,17405,40,22,2608,448,1
North America,US,Oklahoma,2020-08-18,17405,38,21,2608,448,1
North America,US,Oklahoma,2020-08-19,17405,36,20,2608,448,1
North America,US,Oklahoma,2020-08-20,17405,34,19,2608,448,1
North America,US,Oklahoma,2020-08-21,17405,32,18,2608,448,1
North America,US,Oklahoma,2020-08-22,17405,30,17,2608,448,1
North America,US,Oklahoma,2020-08-23,17405,29,16,2608,448,1
North America,US,Oklahoma,2020-08-24,17405,27,16,2608,448,1
North America,US,Oklahoma,2020-08-25,17405,26,15,2608,448,0
North America,US,Oklahoma,2020-08-26,17405,24,14,2608,448,0
North America,US,Oklahoma,2020-08-27,17405,23,14,2608,448,0
North America,US,Oklahoma,2020-08-28,17405,22,13,2608,448,0
North America,US,Oklahoma,2020-08-29,17405,21,12,2608,448,0
North America,US,Oklahoma,2020-08-30,17405,20,12,2608,448,0
North America,US,Oklahoma,2020-08-31,17405,19,11,2608,449,0
North America,US,Oklahoma,2020-09-01,17405,18,11,2608,449,0
North America,US,Oregon,2020-03-20,114,96,14,14,3,4
North America,US,Oregon,2020-03-21,118,94,14,15,3,4
North America,US,Oregon,2020-03-22,123,92,14,16,3,3
North America,US,Oregon,2020-03-23,128,92,14,16,3,3
North America,US,Oregon,2020-03-24,134,92,15,17,3,3
North America,US,Oregon,2020-03-25,143,94,15,19,4,3
North America,US,Oregon,2020-03-26,153,99,16,20,4,4
North America,US,Oregon,2020-03-27,167,106,17,22,4,4
North America,US,Oregon,2020-03-28,183,115,19,25,4,4
North America,US,Oregon,2020-03-29,202,126,21,28,4,5
North America,US,Oregon,2020-03-30,225,140,23,31,4,5
North America,US,Oregon,2020-03-31,251,157,26,35,5,6
North America,US,Oregon,2020-04-01,282,176,29,40,5,6
North America,US,Oregon,2020-04-02,317,199,33,45,5,7
North America,US,Oregon,2020-04-03,357,225,38,51,5,8
North America,US,Oregon,2020-04-04,402,255,43,58,6,9
North America,US,Oregon,2020-04-05,453,289,48,65,6,11
North America,US,Oregon,2020-04-06,510,326,54,74,7,12
North America,US,Oregon,2020-04-07,574,367,61,83,7,13
North America,US,Oregon,2020-04-08,644,412,69,94,8,15
North America,US,Oregon,2020-04-09,722,461,77,106,8,17
North America,US,Oregon,2020-04-10,807,514,86,118,9,19
North America,US,Oregon,2020-04-11,899,571,96,132,10,21
North America,US,Oregon,2020-04-12,999,632,106,147,10,23
North America,US,Oregon,2020-04-13,1107,697,117,163,11,26
North America,US,Oregon,2020-04-14,1222,765,129,181,12,28
North America,US,Oregon,2020-04-15,1345,836,141,199,13,31
North America,US,Oregon,2020-04-16,1476,910,154,219,15,33
North America,US,Oregon,2020-04-17,1614,987,167,239,16,36
North America,US,Oregon,2020-04-18,1761,1066,181,261,17,39
North America,US,Oregon,2020-04-19,1914,1148,195,284,19,42
North America,US,Oregon,2020-04-20,2074,1230,210,308,21,45
North America,US,Oregon,2020-04-21,2240,1314,225,333,22,48
North America,US,Oregon,2020-04-22,2413,1399,240,359,24,51
North America,US,Oregon,2020-04-23,2592,1485,255,386,26,54
North America,US,Oregon,2020-04-24,2776,1570,271,414,29,57
North America,US,Oregon,2020-04-25,2965,1654,286,442,31,60
North America,US,Oregon,2020-04-26,3159,1737,302,471,33,63
North America,US,Oregon,2020-04-27,3356,1819,317,501,36,66
North America,US,Oregon,2020-04-28,3557,1900,332,531,38,69
North America,US,Oregon,2020-04-29,3761,1978,347,561,41,72
North America,US,Oregon,2020-04-30,3967,2054,361,592,44,75
North America,US,Oregon,2020-05-01,4175,2126,375,624,47,77
North America,US,Oregon,2020-05-02,4384,2195,389,655,50,80
North America,US,Oregon,2020-05-03,4593,2260,402,686,53,82
North America,US,Oregon,2020-05-04,4803,2322,415,718,57,84
North America,US,Oregon,2020-05-05,5013,2380,427,749,60,86
North America,US,Oregon,2020-05-06,5222,2433,438,781,63,88
North America,US,Oregon,2020-05-07,5430,2481,449,812,67,90
North America,US,Oregon,2020-05-08,5635,2525,459,843,71,91
North America,US,Oregon,2020-05-09,5838,2563,468,873,74,92
North America,US,Oregon,2020-05-10,6039,2597,476,903,78,94
North America,US,Oregon,2020-05-11,6237,2626,483,933,82,95
North America,US,Oregon,2020-05-12,6432,2651,490,962,86,95
North America,US,Oregon,2020-05-13,6623,2670,496,991,90,96
North America,US,Oregon,2020-05-14,6809,2684,501,1019,94,96
North America,US,Oregon,2020-05-15,6992,2693,505,1046,98,97
North America,US,Oregon,2020-05-16,7170,2697,508,1073,102,97
North America,US,Oregon,2020-05-17,7343,2696,510,1099,106,96
North America,US,Oregon,2020-05-18,7512,2691,512,1124,110,96
North America,US,Oregon,2020-05-19,7675,2682,513,1149,114,96
North America,US,Oregon,2020-05-20,7834,2668,513,1172,118,95
North America,US,Oregon,2020-05-21,7987,2650,512,1195,122,94
North America,US,Oregon,2020-05-22,8135,2628,511,1218,126,93
North America,US,Oregon,2020-05-23,8278,2603,509,1239,130,92
North America,US,Oregon,2020-05-24,8416,2574,506,1260,134,91
North America,US,Oregon,2020-05-25,8549,2543,502,1280,138,90
North America,US,Oregon,2020-05-26,8676,2508,498,1299,142,89
North America,US,Oregon,2020-05-27,8797,2469,493,1317,146,87
North America,US,Oregon,2020-05-28,8913,2428,488,1334,149,86
North America,US,Oregon,2020-05-29,9025,2385,482,1351,153,84
North America,US,Oregon,2020-05-30,9131,2340,476,1367,157,82
North America,US,Oregon,2020-05-31,9233,2293,469,1382,161,80
North America,US,Oregon,2020-06-01,9329,2244,462,1397,164,79
North America,US,Oregon,2020-06-02,9421,2194,455,1410,168,77
North America,US,Oregon,2020-06-03,9508,2142,447,1423,171,75
North America,US,Oregon,2020-06-04,9591,2089,439,1436,174,73
North America,US,Oregon,2020-06-05,9669,2036,431,1448,178,71
North America,US,Oregon,2020-06-06,9744,1982,422,1459,181,69
North America,US,Oregon,2020-06-07,9814,1928,413,1469,184,67
North America,US,Oregon,2020-06-08,9880,1872,404,1479,187,65
North America,US,Oregon,2020-06-09,9942,1817,395,1489,190,63
North America,US,Oregon,2020-06-10,10001,1762,386,1497,193,61
North America,US,Oregon,2020-06-11,10057,1707,377,1506,196,59
North America,US,Oregon,2020-06-12,10109,1652,367,1514,199,57
North America,US,Oregon,2020-06-13,10158,1598,358,1521,202,55
North America,US,Oregon,2020-06-14,10204,1544,348,1528,204,53
North America,US,Oregon,2020-06-15,10247,1491,339,1534,207,51
North America,US,Oregon,2020-06-16,10288,1438,329,1540,209,49
North America,US,Oregon,2020-06-17,10325,1386,320,1546,212,47
North America,US,Oregon,2020-06-18,10361,1335,311,1551,214,45
North America,US,Oregon,2020-06-19,10394,1286,302,1556,216,43
North America,US,Oregon,2020-06-20,10425,1237,293,1561,219,42
North America,US,Oregon,2020-06-21,10454,1189,283,1565,221,40
North America,US,Oregon,2020-06-22,10480,1142,275,1569,223,38
North America,US,Oregon,2020-06-23,10505,1096,266,1573,225,37
North America,US,Oregon,2020-06-24,10528,1051,257,1577,227,35
North America,US,Oregon,2020-06-25,10550,1008,249,1580,229,34
North America,US,Oregon,2020-06-26,10570,966,240,1583,230,32
North America,US,Oregon,2020-06-27,10589,925,232,1586,232,31
North America,US,Oregon,2020-06-28,10606,885,224,1588,234,29
North America,US,Oregon,2020-06-29,10622,847,216,1591,235,28
North America,US,Oregon,2020-06-30,10637,810,209,1593,237,27
North America,US,Oregon,2020-07-01,10650,774,201,1595,238,25
North America,US,Oregon,2020-07-02,10663,739,194,1597,240,24
North America,US,Oregon,2020-07-03,10675,705,187,1598,241,23
North America,US,Oregon,2020-07-04,10685,673,180,1600,242,22
North America,US,Oregon,2020-07-05,10695,642,173,1602,244,21
North America,US,Oregon,2020-07-06,10704,612,167,1603,245,20
North America,US,Oregon,2020-07-07,10713,583,161,1604,246,19
North America,US,Oregon,2020-07-08,10721,555,155,1605,247,18
North America,US,Oregon,2020-07-09,10728,529,149,1606,248,17
North America,US,Oregon,2020-07-10,10734,503,143,1607,249,16
North America,US,Oregon,2020-07-11,10740,479,137,1608,250,15
North America,US,Oregon,2020-07-12,10746,455,132,1609,251,14
North America,US,Oregon,2020-07-13,10751,433,127,1610,252,14
North America,US,Oregon,2020-07-14,10756,411,122,1611,253,13
North America,US,Oregon,2020-07-15,10760,391,117,1611,254,12
North America,US,Oregon,2020-07-16,10764,371,112,1612,254,11
North America,US,Oregon,2020-07-17,10767,353,107,1612,255,11
North America,US,Oregon,2020-07-18,10771,335,103,1613,256,10
North America,US,Oregon,2020-07-19,10774,318,99,1613,257,10
North America,US,Oregon,2020-07-20,10776,301,95,1614,257,9
North America,US,Oregon,2020-07-21,10779,286,91,1614,258,9
North America,US,Oregon,2020-07-22,10781,271,87,1614,258,8
North America,US,Oregon,2020-07-23,10783,257,83,1615,259,8
North America,US,Oregon,2020-07-24,10785,244,80,1615,260,7
North America,US,Oregon,2020-07-25,10787,231,77,1615,260,7
North America,US,Oregon,2020-07-26,10788,219,73,1616,261,6
North America,US,Oregon,2020-07-27,10790,207,70,1616,261,6
North America,US,Oregon,2020-07-28,10791,196,67,1616,262,6
North America,US,Oregon,2020-07-29,10792,186,64,1616,262,5
North America,US,Oregon,2020-07-30,10793,176,62,1616,262,5
North America,US,Oregon,2020-07-31,10794,167,59,1616,263,5
North America,US,Oregon,2020-08-01,10795,158,56,1617,263,4
North America,US,Oregon,2020-08-02,10796,149,54,1617,264,4
North America,US,Oregon,2020-08-03,10797,141,52,1617,264,4
North America,US,Oregon,2020-08-04,10798,134,49,1617,264,4
North America,US,Oregon,2020-08-05,10798,126,47,1617,265,3
North America,US,Oregon,2020-08-06,10799,120,45,1617,265,3
North America,US,Oregon,2020-08-07,10799,113,43,1617,265,3
North America,US,Oregon,2020-08-08,10800,107,41,1617,265,3
North America,US,Oregon,2020-08-09,10800,101,40,1617,266,3
North America,US,Oregon,2020-08-10,10800,96,38,1617,266,3
North America,US,Oregon,2020-08-11,10801,91,36,1617,266,2
North America,US,Oregon,2020-08-12,10801,86,35,1617,266,2
North America,US,Oregon,2020-08-13,10801,81,33,1617,267,2
North America,US,Oregon,2020-08-14,10802,77,32,1618,267,2
North America,US,Oregon,2020-08-15,10802,72,30,1618,267,2
North America,US,Oregon,2020-08-16,10802,68,29,1618,267,2
North America,US,Oregon,2020-08-17,10802,65,28,1618,267,2
North America,US,Oregon,2020-08-18,10802,61,26,1618,267,2
North America,US,Oregon,2020-08-19,10802,58,25,1618,268,1
North America,US,Oregon,2020-08-20,10803,55,24,1618,268,1
North America,US,Oregon,2020-08-21,10803,52,23,1618,268,1
North America,US,Oregon,2020-08-22,10803,49,22,1618,268,1
North America,US,Oregon,2020-08-23,10803,46,21,1618,268,1
North America,US,Oregon,2020-08-24,10803,44,20,1618,268,1
North America,US,Oregon,2020-08-25,10803,41,19,1618,268,1
North America,US,Oregon,2020-08-26,10803,39,18,1618,269,1
North America,US,Oregon,2020-08-27,10803,37,17,1618,269,1
North America,US,Oregon,2020-08-28,10803,35,17,1618,269,1
North America,US,Oregon,2020-08-29,10803,33,16,1618,269,1
North America,US,Oregon,2020-08-30,10803,31,15,1618,269,1
North America,US,Oregon,2020-08-31,10803,30,15,1618,269,1
North America,US,Oregon,2020-09-01,10803,28,14,1618,269,1
North America,US,Pennsylvania,2020-03-17,112,112,17,17,0,4
North America,US,Pennsylvania,2020-03-18,155,145,22,23,1,5
North America,US,Pennsylvania,2020-03-19,210,189,29,31,3,7
North America,US,Pennsylvania,2020-03-20,278,242,38,42,5,9
North America,US,Pennsylvania,2020-03-21,363,308,48,54,8,11
North America,US,Pennsylvania,2020-03-22,467,387,61,70,11,14
North America,US,Pennsylvania,2020-03-23,591,481,76,89,15,18
North America,US,Pennsylvania,2020-03-24,741,593,94,111,20,22
North America,US,Pennsylvania,2020-03-25,920,726,115,138,26,27
North America,US,Pennsylvania,2020-03-26,1131,880,140,170,33,33
North America,US,Pennsylvania,2020-03-27,1378,1060,170,207,42,39
North America,US,Pennsylvania,2020-03-28,1668,1268,203,250,52,47
North America,US,Pennsylvania,2020-03-29,2003,1507,242,301,64,56
North America,US,Pennsylvania,2020-03-30,2388,1777,286,358,79,66
North America,US,Pennsylvania,2020-03-31,2827,2081,336,424,95,77
North America,US,Pennsylvania,2020-04-01,3327,2423,393,499,114,90
North America,US,Pennsylvania,2020-04-02,3891,2805,455,584,136,104
North America,US,Pennsylvania,2020-04-03,4520,3224,525,678,161,119
North America,US,Pennsylvania,2020-04-04,5220,3683,601,783,190,136
North America,US,Pennsylvania,2020-04-05,5996,4185,684,899,222,154
North America,US,Pennsylvania,2020-04-06,6849,4729,775,1027,258,174
North America,US,Pennsylvania,2020-04-07,7780,5311,873,1167,298,196
North America,US,Pennsylvania,2020-04-08,8790,5930,977,1319,343,218
North America,US,Pennsylvania,2020-04-09,9882,6586,1088,1482,392,243
North America,US,Pennsylvania,2020-04-10,11058,7282,1207,1659,446,268
North America,US,Pennsylvania,2020-04-11,12315,8008,1331,1847,505,295
North America,US,Pennsylvania,2020-04-12,13649,8761,1460,2047,569,322
North America,US,Pennsylvania,2020-04-13,15060,9538,1594,2259,638,350
North America,US,Pennsylvania,2020-04-14,16548,10338,1733,2482,712,380
North America,US,Pennsylvania,2020-04-15,18112,11158,1877,2717,791,409
North America,US,Pennsylvania,2020-04-16,19743,11990,2023,2961,875,440
North America,US,Pennsylvania,2020-04-17,21436,12826,2172,3215,964,470
North America,US,Pennsylvania,2020-04-18,23187,13662,2321,3478,1059,500
North America,US,Pennsylvania,2020-04-19,24994,14498,2472,3749,1158,531
North America,US,Pennsylvania,2020-04-20,26854,15331,2623,4028,1261,561
North America,US,Pennsylvania,2020-04-21,28758,16151,2773,4314,1369,590
North America,US,Pennsylvania,2020-04-22,30696,16951,2921,4604,1481,619
North America,US,Pennsylvania,2020-04-23,32663,17726,3067,4900,1598,647
North America,US,Pennsylvania,2020-04-24,34655,18474,3208,5198,1717,673
North America,US,Pennsylvania,2020-04-25,36668,19194,3347,5500,1840,699
North America,US,Pennsylvania,2020-04-26,38696,19883,3481,5804,1966,724
North America,US,Pennsylvania,2020-04-27,40729,20533,3610,6109,2094,747
North America,US,Pennsylvania,2020-04-28,42761,21139,3732,6414,2225,768
North America,US,Pennsylvania,2020-04-29,44786,21699,3847,6718,2357,788
North America,US,Pennsylvania,2020-04-30,46799,22211,3956,7020,2491,805
North America,US,Pennsylvania,2020-05-01,48796,22676,4057,7319,2626,821
North America,US,Pennsylvania,2020-05-02,50774,23093,4151,7616,2762,836
North America,US,Pennsylvania,2020-05-03,52725,23458,4236,7909,2898,848
North America,US,Pennsylvania,2020-05-04,54644,23770,4313,8197,3034,858
North America,US,Pennsylvania,2020-05-05,56530,24030,4382,8480,3170,867
North America,US,Pennsylvania,2020-05-06,58379,24239,4442,8757,3305,873
North America,US,Pennsylvania,2020-05-07,60186,24396,4493,9028,3439,878
North America,US,Pennsylvania,2020-05-08,61948,24501,4536,9292,3571,881
North America,US,Pennsylvania,2020-05-09,63662,24552,4570,9549,3702,882
North America,US,Pennsylvania,2020-05-10,65323,24552,4594,9799,3831,880
North America,US,Pennsylvania,2020-05-11,66934,24504,4611,10040,3959,878
North America,US,Pennsylvania,2020-05-12,68495,24412,4619,10274,4083,873
North America,US,Pennsylvania,2020-05-13,70005,24279,4620,10501,4205,867
North America,US,Pennsylvania,2020-05-14,71461,24105,4614,10719,4325,860
North America,US,Pennsylvania,2020-05-15,72858,23886,4599,10929,4441,851
North America,US,Pennsylvania,2020-05-16,74197,23626,4577,11129,4554,840
North America,US,Pennsylvania,2020-05-17,75481,23331,4548,11322,4665,829
North America,US,Pennsylvania,2020-05-18,76712,23007,4512,11507,4771,816
North America,US,Pennsylvania,2020-05-19,77892,22655,4472,11684,4875,802
North America,US,Pennsylvania,2020-05-20,79017,22276,4425,11853,4975,788
North America,US,Pennsylvania,2020-05-21,80087,21868,4373,12013,5071,772
North America,US,Pennsylvania,2020-05-22,81100,21434,4315,12165,5164,755
North America,US,Pennsylvania,2020-05-23,82064,20980,4253,12310,5254,738
North America,US,Pennsylvania,2020-05-24,82980,20511,4186,12447,5340,720
North America,US,Pennsylvania,2020-05-25,83850,20031,4117,12578,5422,702
North America,US,Pennsylvania,2020-05-26,84675,19539,4045,12701,5501,684
North America,US,Pennsylvania,2020-05-27,85452,19034,3969,12818,5577,665
North America,US,Pennsylvania,2020-05-28,86180,18515,3889,12927,5649,645
North America,US,Pennsylvania,2020-05-29,86866,17989,3807,13030,5718,626
North America,US,Pennsylvania,2020-05-30,87513,17461,3724,13127,5783,606
North America,US,Pennsylvania,2020-05-31,88124,16933,3639,13219,5845,586
North America,US,Pennsylvania,2020-06-01,88699,16406,3554,13305,5904,567
North America,US,Pennsylvania,2020-06-02,89237,15879,3467,13386,5960,548
North America,US,Pennsylvania,2020-06-03,89737,15349,3378,13461,6014,528
North America,US,Pennsylvania,2020-06-04,90205,14822,3289,13531,6064,509
North America,US,Pennsylvania,2020-06-05,90643,14301,3201,13596,6111,490
North America,US,Pennsylvania,2020-06-06,91053,13788,3112,13658,6156,471
North America,US,Pennsylvania,2020-06-07,91436,13283,3023,13715,6198,453
North America,US,Pennsylvania,2020-06-08,91793,12785,2935,13769,6238,435
North America,US,Pennsylvania,2020-06-09,92123,12294,2848,13818,6276,417
North America,US,Pennsylvania,2020-06-10,92430,11812,2761,13864,6311,399
North America,US,Pennsylvania,2020-06-11,92715,11341,2674,13907,6344,382
North America,US,Pennsylvania,2020-06-12,92980,10881,2590,13947,6375,366
North America,US,Pennsylvania,2020-06-13,93227,10433,2506,13984,6404,350
North America,US,Pennsylvania,2020-06-14,93455,9997,2424,14018,6431,334
North America,US,Pennsylvania,2020-06-15,93665,9571,2343,14050,6457,319
North America,US,Pennsylvania,2020-06-16,93859,9157,2263,14079,6480,304
North America,US,Pennsylvania,2020-06-17,94038,8756,2185,14106,6503,290
North America,US,Pennsylvania,2020-06-18,94204,8367,2109,14131,6523,276
North America,US,Pennsylvania,2020-06-19,94358,7992,2034,14154,6543,263
North America,US,Pennsylvania,2020-06-20,94500,7629,1961,14175,6561,250
North America,US,Pennsylvania,2020-06-21,94629,7278,1890,14194,6577,238
North America,US,Pennsylvania,2020-06-22,94748,6939,1821,14212,6593,226
North America,US,Pennsylvania,2020-06-23,94857,6613,1753,14229,6607,214
North America,US,Pennsylvania,2020-06-24,94958,6299,1687,14244,6620,203
North America,US,Pennsylvania,2020-06-25,95051,5998,1624,14258,6633,193
North America,US,Pennsylvania,2020-06-26,95136,5708,1562,14270,6644,183
North America,US,Pennsylvania,2020-06-27,95214,5430,1501,14282,6655,173
North America,US,Pennsylvania,2020-06-28,95284,5163,1443,14293,6665,164
North America,US,Pennsylvania,2020-06-29,95349,4907,1387,14302,6674,155
North America,US,Pennsylvania,2020-06-30,95408,4662,1332,14311,6682,147
North America,US,Pennsylvania,2020-07-01,95463,4428,1279,14319,6690,139
North America,US,Pennsylvania,2020-07-02,95513,4204,1228,14327,6697,131
North America,US,Pennsylvania,2020-07-03,95558,3990,1178,14334,6703,124
North America,US,Pennsylvania,2020-07-04,95599,3785,1131,14340,6709,117
North America,US,Pennsylvania,2020-07-05,95637,3590,1085,14346,6715,111
North America,US,Pennsylvania,2020-07-06,95671,3403,1040,14351,6720,104
North America,US,Pennsylvania,2020-07-07,95702,3226,997,14355,6725,98
North America,US,Pennsylvania,2020-07-08,95731,3057,956,14360,6729,93
North America,US,Pennsylvania,2020-07-09,95756,2897,916,14363,6733,87
North America,US,Pennsylvania,2020-07-10,95780,2743,878,14367,6737,82
North America,US,Pennsylvania,2020-07-11,95801,2598,841,14370,6740,77
North America,US,Pennsylvania,2020-07-12,95820,2459,806,14373,6743,73
North America,US,Pennsylvania,2020-07-13,95838,2328,771,14376,6746,69
North America,US,Pennsylvania,2020-07-14,95854,2203,739,14378,6748,65
North America,US,Pennsylvania,2020-07-15,95868,2084,707,14380,6751,61
North America,US,Pennsylvania,2020-07-16,95881,1971,677,14382,6753,57
North America,US,Pennsylvania,2020-07-17,95893,1865,648,14384,6755,54
North America,US,Pennsylvania,2020-07-18,95903,1763,620,14386,6757,50
North America,US,Pennsylvania,2020-07-19,95913,1667,593,14387,6758,47
North America,US,Pennsylvania,2020-07-20,95922,1576,568,14388,6760,44
North America,US,Pennsylvania,2020-07-21,95930,1490,543,14389,6761,42
North America,US,Pennsylvania,2020-07-22,95937,1408,519,14391,6762,39
North America,US,Pennsylvania,2020-07-23,95943,1331,497,14391,6763,37
North America,US,Pennsylvania,2020-07-24,95949,1258,475,14392,6764,35
North America,US,Pennsylvania,2020-07-25,95954,1188,454,14393,6765,32
North America,US,Pennsylvania,2020-07-26,95959,1123,434,14394,6766,30
North America,US,Pennsylvania,2020-07-27,95963,1061,415,14394,6767,28
North America,US,Pennsylvania,2020-07-28,95967,1002,397,14395,6768,27
North America,US,Pennsylvania,2020-07-29,95970,947,380,14396,6768,25
North America,US,Pennsylvania,2020-07-30,95973,894,363,14396,6769,23
North America,US,Pennsylvania,2020-07-31,95976,845,347,14396,6769,22
North America,US,Pennsylvania,2020-08-01,95978,798,331,14397,6770,21
North America,US,Pennsylvania,2020-08-02,95981,754,317,14397,6770,19
North America,US,Pennsylvania,2020-08-03,95983,712,303,14397,6771,18
North America,US,Pennsylvania,2020-08-04,95984,672,289,14398,6771,17
North America,US,Pennsylvania,2020-08-05,95986,635,276,14398,6771,16
North America,US,Pennsylvania,2020-08-06,95987,600,264,14398,6772,15
North America,US,Pennsylvania,2020-08-07,95989,566,252,14398,6772,14
North America,US,Pennsylvania,2020-08-08,95990,535,241,14398,6772,13
North America,US,Pennsylvania,2020-08-09,95991,505,230,14399,6772,12
North America,US,Pennsylvania,2020-08-10,95992,477,220,14399,6772,11
North America,US,Pennsylvania,2020-08-11,95993,451,210,14399,6773,11
North America,US,Pennsylvania,2020-08-12,95993,426,201,14399,6773,10
North America,US,Pennsylvania,2020-08-13,95994,402,192,14399,6773,9
North America,US,Pennsylvania,2020-08-14,95995,380,183,14399,6773,9
North America,US,Pennsylvania,2020-08-15,95995,359,175,14399,6773,8
North America,US,Pennsylvania,2020-08-16,95996,339,167,14399,6773,8
North America,US,Pennsylvania,2020-08-17,95996,321,160,14399,6773,7
North America,US,Pennsylvania,2020-08-18,95996,303,153,14399,6773,7
North America,US,Pennsylvania,2020-08-19,95997,286,146,14400,6774,6
North America,US,Pennsylvania,2020-08-20,95997,270,139,14400,6774,6
North America,US,Pennsylvania,2020-08-21,95997,256,133,14400,6774,5
North America,US,Pennsylvania,2020-08-22,95997,242,127,14400,6774,5
North America,US,Pennsylvania,2020-08-23,95998,228,121,14400,6774,5
North America,US,Pennsylvania,2020-08-24,95998,216,116,14400,6774,4
North America,US,Pennsylvania,2020-08-25,95998,204,111,14400,6774,4
North America,US,Pennsylvania,2020-08-26,95998,193,106,14400,6774,4
North America,US,Pennsylvania,2020-08-27,95998,182,101,14400,6774,4
North America,US,Pennsylvania,2020-08-28,95998,173,96,14400,6774,3
North America,US,Pennsylvania,2020-08-29,95999,163,92,14400,6774,3
North America,US,Pennsylvania,2020-08-30,95999,154,88,14400,6774,3
North America,US,Pennsylvania,2020-08-31,95999,146,84,14400,6774,3
North America,US,Pennsylvania,2020-09-01,95999,138,80,14400,6774,3
North America,US,Rhode Island,2020-03-23,106,100,15,15,1,4
North America,US,Rhode Island,2020-03-24,126,113,17,18,1,4
North America,US,Rhode Island,2020-03-25,152,131,20,22,2,5
North America,US,Rhode Island,2020-03-26,184,154,24,27,2,6
North America,US,Rhode Island,2020-03-27,223,182,29,33,3,7
North America,US,Rhode Island,2020-03-28,269,215,34,39,4,8
North America,US,Rhode Island,2020-03-29,323,253,40,48,5,9
North America,US,Rhode Island,2020-03-30,386,298,48,57,6,11
North America,US,Rhode Island,2020-03-31,459,350,56,68,7,13
North America,US,Rhode Island,2020-04-01,541,408,66,80,9,15
North America,US,Rhode Island,2020-04-02,636,473,76,94,10,17
North America,US,Rhode Island,2020-04-03,743,546,89,110,12,20
North America,US,Rhode Island,2020-04-04,862,628,102,128,15,23
North America,US,Rhode Island,2020-04-05,996,717,117,148,17,26
North America,US,Rhode Island,2020-04-06,1143,814,133,171,20,30
North America,US,Rhode Island,2020-04-07,1305,919,151,195,24,34
North America,US,Rhode Island,2020-04-08,1484,1034,170,222,28,38
North America,US,Rhode Island,2020-04-09,1677,1155,190,251,32,43
North America,US,Rhode Island,2020-04-10,1886,1284,212,282,37,47
North America,US,Rhode Island,2020-04-11,2110,1419,235,316,42,52
North America,US,Rhode Island,2020-04-12,2350,1562,260,352,48,57
North America,US,Rhode Island,2020-04-13,2606,1711,285,390,54,63
North America,US,Rhode Island,2020-04-14,2876,1864,311,431,61,68
North America,US,Rhode Island,2020-04-15,3160,2020,339,473,69,74
North America,US,Rhode Island,2020-04-16,3458,2180,367,518,77,80
North America,US,Rhode Island,2020-04-17,3769,2343,395,564,86,86
North America,US,Rhode Island,2020-04-18,4092,2508,424,613,95,92
North America,US,Rhode Island,2020-04-19,4426,2672,454,663,105,98
North America,US,Rhode Island,2020-04-20,4768,2834,483,714,116,104
North America,US,Rhode Island,2020-04-21,5120,2995,512,767,128,110
North America,US,Rhode Island,2020-04-22,5479,3153,541,821,140,115
North America,US,Rhode Island,2020-04-23,5845,3308,570,876,152,121
North America,US,Rhode Island,2020-04-24,6216,3457,598,932,165,126
North America,US,Rhode Island,2020-04-25,6590,3601,625,988,179,131
North America,US,Rhode Island,2020-04-26,6966,3737,651,1044,193,136
North America,US,Rhode Island,2020-04-27,7344,3865,676,1101,208,141
North America,US,Rhode Island,2020-04-28,7721,3986,701,1157,223,145
North America,US,Rhode Island,2020-04-29,8098,4099,723,1214,239,149
North America,US,Rhode Island,2020-04-30,8473,4203,745,1270,255,153
North America,US,Rhode Island,2020-05-01,8844,4296,765,1326,272,156
North America,US,Rhode Island,2020-05-02,9210,4379,783,1381,289,159
North America,US,Rhode Island,2020-05-03,9571,4452,800,1435,306,161
North America,US,Rhode Island,2020-05-04,9926,4514,815,1488,323,163
North America,US,Rhode Island,2020-05-05,10274,4566,828,1540,341,165
North America,US,Rhode Island,2020-05-06,10614,4606,840,1591,358,166
North America,US,Rhode Island,2020-05-07,10945,4637,850,1641,376,167
North America,US,Rhode Island,2020-05-08,11269,4657,858,1689,394,168
North America,US,Rhode Island,2020-05-09,11583,4667,865,1737,412,168
North America,US,Rhode Island,2020-05-10,11888,4668,869,1782,430,168
North America,US,Rhode Island,2020-05-11,12182,4659,872,1826,448,167
North America,US,Rhode Island,2020-05-12,12466,4640,874,1869,466,166
North America,US,Rhode Island,2020-05-13,12738,4611,873,1910,484,165
North America,US,Rhode Island,2020-05-14,13000,4575,872,1949,502,163
North America,US,Rhode Island,2020-05-15,13252,4531,868,1987,519,162
North America,US,Rhode Island,2020-05-16,13494,4480,864,2023,536,160
North America,US,Rhode Island,2020-05-17,13725,4423,858,2058,553,157
North America,US,Rhode Island,2020-05-18,13945,4357,851,2091,570,155
North America,US,Rhode Island,2020-05-19,14154,4286,842,2122,587,152
North America,US,Rhode Island,2020-05-20,14353,4209,832,2152,603,149
North America,US,Rhode Island,2020-05-21,14542,4128,822,2180,619,146
North America,US,Rhode Island,2020-05-22,14722,4043,810,2207,634,143
North America,US,Rhode Island,2020-05-23,14893,3955,798,2233,650,139
North America,US,Rhode Island,2020-05-24,15053,3862,785,2257,665,136
North America,US,Rhode Island,2020-05-25,15204,3766,771,2280,679,132
North America,US,Rhode Island,2020-05-26,15346,3668,756,2301,693,128
North America,US,Rhode Island,2020-05-27,15481,3569,741,2321,707,125
North America,US,Rhode Island,2020-05-28,15608,3469,726,2340,720,121
North America,US,Rhode Island,2020-05-29,15727,3367,710,2358,733,117
North America,US,Rhode Island,2020-05-30,15838,3265,693,2375,746,113
North America,US,Rhode Island,2020-05-31,15942,3161,677,2390,758,110
North America,US,Rhode Island,2020-06-01,16039,3058,660,2405,769,106
North America,US,Rhode Island,2020-06-02,16130,2955,643,2419,781,102
North America,US,Rhode Island,2020-06-03,16215,2853,626,2431,792,98
North America,US,Rhode Island,2020-06-04,16294,2753,609,2443,802,95
North America,US,Rhode Island,2020-06-05,16368,2653,592,2454,812,91
North America,US,Rhode Island,2020-06-06,16436,2554,574,2465,822,87
North America,US,Rhode Island,2020-06-07,16500,2456,557,2474,831,84
North America,US,Rhode Island,2020-06-08,16559,2361,540,2483,840,80
North America,US,Rhode Island,2020-06-09,16614,2267,524,2491,849,77
North America,US,Rhode Island,2020-06-10,16665,2176,507,2499,857,74
North America,US,Rhode Island,2020-06-11,16712,2087,491,2506,865,70
North America,US,Rhode Island,2020-06-12,16755,1999,475,2512,872,67
North America,US,Rhode Island,2020-06-13,16795,1914,459,2518,880,64
North America,US,Rhode Island,2020-06-14,16832,1831,443,2524,886,61
North America,US,Rhode Island,2020-06-15,16866,1751,428,2529,893,58
North America,US,Rhode Island,2020-06-16,16897,1674,413,2534,899,56
North America,US,Rhode Island,2020-06-17,16926,1598,398,2538,905,53
North America,US,Rhode Island,2020-06-18,16953,1526,384,2542,911,50
North America,US,Rhode Island,2020-06-19,16977,1455,370,2546,916,48
North America,US,Rhode Island,2020-06-20,16999,1387,356,2549,922,45
North America,US,Rhode Island,2020-06-21,17020,1322,343,2552,926,43
North America,US,Rhode Island,2020-06-22,17039,1259,330,2555,931,41
North America,US,Rhode Island,2020-06-23,17056,1198,317,2557,935,39
North America,US,Rhode Island,2020-06-24,17072,1140,305,2560,940,37
North America,US,Rhode Island,2020-06-25,17086,1084,293,2562,944,35
North America,US,Rhode Island,2020-06-26,17099,1031,282,2564,947,33
North America,US,Rhode Island,2020-06-27,17111,979,271,2566,951,31
North America,US,Rhode Island,2020-06-28,17122,930,260,2567,954,30
North America,US,Rhode Island,2020-06-29,17132,883,249,2569,958,28
North America,US,Rhode Island,2020-06-30,17141,838,239,2570,961,26
North America,US,Rhode Island,2020-07-01,17149,795,230,2572,963,25
North America,US,Rhode Island,2020-07-02,17157,754,220,2573,966,24
North America,US,Rhode Island,2020-07-03,17164,715,211,2574,969,22
North America,US,Rhode Island,2020-07-04,17170,678,202,2575,971,21
North America,US,Rhode Island,2020-07-05,17176,642,194,2575,973,20
North America,US,Rhode Island,2020-07-06,17181,608,186,2576,976,19
North America,US,Rhode Island,2020-07-07,17185,576,178,2577,978,18
North America,US,Rhode Island,2020-07-08,17190,545,171,2578,979,17
North America,US,Rhode Island,2020-07-09,17193,516,163,2578,981,16
North America,US,Rhode Island,2020-07-10,17197,488,156,2579,983,15
North America,US,Rhode Island,2020-07-11,17200,462,150,2579,985,14
North America,US,Rhode Island,2020-07-12,17203,437,143,2580,986,13
North America,US,Rhode Island,2020-07-13,17205,413,137,2580,987,12
North America,US,Rhode Island,2020-07-14,17208,391,131,2580,989,11
North America,US,Rhode Island,2020-07-15,17210,370,126,2581,990,11
North America,US,Rhode Island,2020-07-16,17212,349,120,2581,991,10
North America,US,Rhode Island,2020-07-17,17213,330,115,2581,992,10
North America,US,Rhode Island,2020-07-18,17215,312,110,2581,993,9
North America,US,Rhode Island,2020-07-19,17216,295,105,2582,994,8
North America,US,Rhode Island,2020-07-20,17217,279,100,2582,995,8
North America,US,Rhode Island,2020-07-21,17219,263,96,2582,996,7
North America,US,Rhode Island,2020-07-22,17220,249,92,2582,997,7
North America,US,Rhode Island,2020-07-23,17220,235,88,2582,998,6
North America,US,Rhode Island,2020-07-24,17221,222,84,2582,998,6
North America,US,Rhode Island,2020-07-25,17222,209,80,2582,999,6
North America,US,Rhode Island,2020-07-26,17223,198,77,2583,1000,5
North America,US,Rhode Island,2020-07-27,17223,187,73,2583,1000,5
North America,US,Rhode Island,2020-07-28,17224,176,70,2583,1001,5
North America,US,Rhode Island,2020-07-29,17224,166,67,2583,1001,4
North America,US,Rhode Island,2020-07-30,17225,157,64,2583,1002,4
North America,US,Rhode Island,2020-07-31,17225,148,61,2583,1002,4
North America,US,Rhode Island,2020-08-01,17225,140,58,2583,1003,4
North America,US,Rhode Island,2020-08-02,17226,132,56,2583,1003,3
North America,US,Rhode Island,2020-08-03,17226,125,53,2583,1004,3
North America,US,Rhode Island,2020-08-04,17226,118,51,2583,1004,3
North America,US,Rhode Island,2020-08-05,17226,111,49,2583,1004,3
North America,US,Rhode Island,2020-08-06,17227,105,46,2583,1005,3
North America,US,Rhode Island,2020-08-07,17227,99,44,2583,1005,2
North America,US,Rhode Island,2020-08-08,17227,94,42,2583,1005,2
North America,US,Rhode Island,2020-08-09,17227,88,40,2583,1005,2
North America,US,Rhode Island,2020-08-10,17227,84,39,2583,1006,2
North America,US,Rhode Island,2020-08-11,17227,79,37,2583,1006,2
North America,US,Rhode Island,2020-08-12,17227,74,35,2583,1006,2
North America,US,Rhode Island,2020-08-13,17227,70,34,2583,1006,2
North America,US,Rhode Island,2020-08-14,17228,66,32,2583,1007,2
North America,US,Rhode Island,2020-08-15,17228,63,31,2583,1007,1
North America,US,Rhode Island,2020-08-16,17228,59,29,2583,1007,1
North America,US,Rhode Island,2020-08-17,17228,56,28,2583,1007,1
North America,US,Rhode Island,2020-08-18,17228,53,27,2583,1007,1
North America,US,Rhode Island,2020-08-19,17228,50,25,2583,1007,1
North America,US,Rhode Island,2020-08-20,17228,47,24,2583,1007,1
North America,US,Rhode Island,2020-08-21,17228,45,23,2583,1008,1
North America,US,Rhode Island,2020-08-22,17228,42,22,2583,1008,1
North America,US,Rhode Island,2020-08-23,17228,40,21,2583,1008,1
North America,US,Rhode Island,2020-08-24,17228,38,20,2583,1008,1
North America,US,Rhode Island,2020-08-25,17228,36,19,2583,1008,1
North America,US,Rhode Island,2020-08-26,17228,34,18,2583,1008,1
North America,US,Rhode Island,2020-08-27,17228,32,18,2583,1008,1
North America,US,Rhode Island,2020-08-28,17228,30,17,2583,1008,1
North America,US,Rhode Island,2020-08-29,17228,28,16,2583,1008,1
North America,US,Rhode Island,2020-08-30,17228,27,15,2583,1008,1
North America,US,Rhode Island,2020-08-31,17228,25,15,2583,1008,0
North America,US,Rhode Island,2020-09-01,17228,24,14,2583,1008,0
North America,US,South Carolina,2020-03-20,126,108,16,16,3,4
North America,US,South Carolina,2020-03-21,209,182,28,29,3,7
North America,US,South Carolina,2020-03-22,282,240,37,40,3,9
North America,US,South Carolina,2020-03-23,355,296,46,51,4,11
North America,US,South Carolina,2020-03-24,436,355,56,63,4,13
North America,US,South Carolina,2020-03-25,529,423,67,77,5,16
North America,US,South Carolina,2020-03-26,638,503,80,93,5,19
North America,US,South Carolina,2020-03-27,767,595,95,112,6,22
North America,US,South Carolina,2020-03-28,916,702,113,135,7,26
North America,US,South Carolina,2020-03-29,1088,825,133,161,8,31
North America,US,South Carolina,2020-03-30,1287,965,156,190,9,36
North America,US,South Carolina,2020-03-31,1513,1124,182,224,10,42
North America,US,South Carolina,2020-04-01,1770,1301,212,263,11,48
North America,US,South Carolina,2020-04-02,2059,1500,244,306,13,55
North America,US,South Carolina,2020-04-03,2384,1719,281,355,15,63
North America,US,South Carolina,2020-04-04,2743,1959,321,409,17,72
North America,US,South Carolina,2020-04-05,3140,2220,365,468,20,82
North America,US,South Carolina,2020-04-06,3576,2503,412,534,23,92
North America,US,South Carolina,2020-04-07,4054,2808,464,605,26,103
North America,US,South Carolina,2020-04-08,4573,3133,519,683,30,115
North America,US,South Carolina,2020-04-09,5130,3476,577,767,34,128
North America,US,South Carolina,2020-04-10,5728,3836,638,857,39,141
North America,US,South Carolina,2020-04-11,6368,4214,703,953,44,155
North America,US,South Carolina,2020-04-12,7049,4608,771,1055,49,169
North America,US,South Carolina,2020-04-13,7767,5014,842,1162,56,184
North America,US,South Carolina,2020-04-14,8521,5428,914,1275,62,199
North America,US,South Carolina,2020-04-15,9309,5849,988,1394,69,214
North America,US,South Carolina,2020-04-16,10133,6278,1064,1517,77,230
North America,US,South Carolina,2020-04-17,10987,6711,1142,1645,85,246
North America,US,South Carolina,2020-04-18,11869,7143,1219,1778,94,261
North America,US,South Carolina,2020-04-19,12775,7571,1297,1914,104,277
North America,US,South Carolina,2020-04-20,13701,7992,1374,2053,114,292
North America,US,South Carolina,2020-04-21,14648,8406,1451,2195,124,307
North America,US,South Carolina,2020-04-22,15613,8812,1526,2339,136,321
North America,US,South Carolina,2020-04-23,16590,9205,1601,2486,147,335
North America,US,South Carolina,2020-04-24,17575,9581,1673,2634,160,349
North America,US,South Carolina,2020-04-25,18565,9937,1742,2782,172,362
North America,US,South Carolina,2020-04-26,19557,10274,1809,2931,186,373
North America,US,South Carolina,2020-04-27,20551,10591,1872,3080,199,385
North America,US,South Carolina,2020-04-28,21542,10886,1933,3229,214,395
North America,US,South Carolina,2020-04-29,22527,11157,1990,3376,228,404
North America,US,South Carolina,2020-04-30,23502,11401,2043,3523,243,413
North America,US,South Carolina,2020-05-01,24465,11619,2092,3667,259,420
North America,US,South Carolina,2020-05-02,25414,11810,2136,3809,274,427
North America,US,South Carolina,2020-05-03,26347,11974,2176,3949,290,432
North America,US,South Carolina,2020-05-04,27263,12110,2212,4087,307,437
North America,US,South Carolina,2020-05-05,28157,12218,2243,4221,323,440
North America,US,South Carolina,2020-05-06,29030,12298,2269,4352,340,442
North America,US,South Carolina,2020-05-07,29880,12352,2291,4479,357,444
North America,US,South Carolina,2020-05-08,30708,12380,2309,4603,374,444
North America,US,South Carolina,2020-05-09,31511,12384,2322,4724,391,444
North America,US,South Carolina,2020-05-10,32287,12362,2331,4840,408,443
North America,US,South Carolina,2020-05-11,33035,12314,2335,4952,425,440
North America,US,South Carolina,2020-05-12,33752,12239,2335,5060,442,437
North America,US,South Carolina,2020-05-13,34442,12143,2330,5164,460,433
North America,US,South Carolina,2020-05-14,35107,12028,2322,5263,477,428
North America,US,South Carolina,2020-05-15,35747,11898,2311,5359,494,423
North America,US,South Carolina,2020-05-16,36361,11751,2296,5451,510,417
North America,US,South Carolina,2020-05-17,36946,11587,2278,5539,527,411
North America,US,South Carolina,2020-05-18,37499,11401,2256,5622,544,403
North America,US,South Carolina,2020-05-19,38023,11198,2231,5701,560,396
North America,US,South Carolina,2020-05-20,38522,10984,2203,5776,576,387
North America,US,South Carolina,2020-05-21,38998,10762,2173,5847,592,379
North America,US,South Carolina,2020-05-22,39451,10532,2141,5915,608,370
North America,US,South Carolina,2020-05-23,39880,10294,2107,5979,623,361
North America,US,South Carolina,2020-05-24,40282,10044,2071,6040,638,352
North America,US,South Carolina,2020-05-25,40659,9786,2033,6096,653,342
North America,US,South Carolina,2020-05-26,41015,9524,1993,6150,667,332
North America,US,South Carolina,2020-05-27,41352,9259,1952,6200,682,322
North America,US,South Carolina,2020-05-28,41668,8993,1910,6248,695,312
North America,US,South Carolina,2020-05-29,41966,8724,1867,6292,709,303
North America,US,South Carolina,2020-05-30,42242,8452,1823,6334,722,292
North America,US,South Carolina,2020-05-31,42501,8180,1779,6373,735,282
North America,US,South Carolina,2020-06-01,42744,7910,1734,6409,747,272
North America,US,South Carolina,2020-06-02,42971,7641,1689,6443,760,263
North America,US,South Carolina,2020-06-03,43183,7375,1643,6475,771,253
North America,US,South Carolina,2020-06-04,43380,7112,1598,6504,783,243
North America,US,South Carolina,2020-06-05,43563,6850,1552,6532,794,234
North America,US,South Carolina,2020-06-06,43733,6593,1507,6557,805,224
North America,US,South Carolina,2020-06-07,43891,6340,1462,6581,815,215
North America,US,South Carolina,2020-06-08,44038,6093,1417,6603,825,206
North America,US,South Carolina,2020-06-09,44174,5851,1373,6623,835,198
North America,US,South Carolina,2020-06-10,44301,5614,1330,6642,845,189
North America,US,South Carolina,2020-06-11,44417,5382,1287,6660,854,181
North America,US,South Carolina,2020-06-12,44524,5156,1244,6676,862,173
North America,US,South Carolina,2020-06-13,44623,4936,1202,6691,871,165
North America,US,South Carolina,2020-06-14,44714,4723,1161,6704,879,157
North America,US,South Carolina,2020-06-15,44799,4517,1121,6717,887,150
North America,US,South Carolina,2020-06-16,44877,4317,1082,6729,895,143
North America,US,South Carolina,2020-06-17,44949,4123,1044,6740,902,136
North America,US,South Carolina,2020-06-18,45014,3935,1006,6749,909,129
North America,US,South Carolina,2020-06-19,45074,3753,969,6758,916,123
North America,US,South Carolina,2020-06-20,45129,3578,933,6767,922,117
North America,US,South Carolina,2020-06-21,45180,3410,899,6774,928,111
North America,US,South Carolina,2020-06-22,45227,3249,865,6781,934,105
North America,US,South Carolina,2020-06-23,45270,3093,832,6788,940,100
North America,US,South Carolina,2020-06-24,45308,2943,800,6794,946,95
North America,US,South Carolina,2020-06-25,45344,2799,769,6799,951,90
North America,US,South Carolina,2020-06-26,45376,2661,739,6804,956,85
North America,US,South Carolina,2020-06-27,45406,2530,710,6808,961,80
North America,US,South Carolina,2020-06-28,45433,2403,682,6812,965,76
North America,US,South Carolina,2020-06-29,45458,2283,655,6816,970,72
North America,US,South Carolina,2020-06-30,45480,2167,628,6819,974,68
North America,US,South Carolina,2020-07-01,45500,2056,603,6822,978,64
North America,US,South Carolina,2020-07-02,45519,1951,578,6825,982,61
North America,US,South Carolina,2020-07-03,45536,1850,555,6828,986,57
North America,US,South Carolina,2020-07-04,45551,1755,532,6830,989,54
North America,US,South Carolina,2020-07-05,45565,1663,510,6832,993,51
North America,US,South Carolina,2020-07-06,45578,1576,489,6834,996,48
North America,US,South Carolina,2020-07-07,45589,1493,468,6836,999,45
North America,US,South Carolina,2020-07-08,45600,1414,448,6837,1002,43
North America,US,South Carolina,2020-07-09,45609,1339,430,6839,1005,40
North America,US,South Carolina,2020-07-10,45617,1268,411,6840,1008,38
North America,US,South Carolina,2020-07-11,45625,1201,394,6841,1010,36
North America,US,South Carolina,2020-07-12,45632,1136,377,6842,1013,33
North America,US,South Carolina,2020-07-13,45638,1075,361,6843,1015,32
North America,US,South Carolina,2020-07-14,45644,1017,345,6844,1017,30
North America,US,South Carolina,2020-07-15,45649,962,331,6845,1020,28
North America,US,South Carolina,2020-07-16,45654,910,316,6845,1022,26
North America,US,South Carolina,2020-07-17,45658,861,303,6846,1024,25
North America,US,South Carolina,2020-07-18,45662,814,290,6847,1025,23
North America,US,South Carolina,2020-07-19,45665,769,277,6847,1027,22
North America,US,South Carolina,2020-07-20,45668,727,265,6848,1029,20
North America,US,South Carolina,2020-07-21,45671,688,253,6848,1030,19
North America,US,South Carolina,2020-07-22,45673,650,242,6848,1032,18
North America,US,South Carolina,2020-07-23,45676,614,232,6849,1033,17
North America,US,South Carolina,2020-07-24,45678,581,221,6849,1035,16
North America,US,South Carolina,2020-07-25,45679,549,212,6849,1036,15
North America,US,South Carolina,2020-07-26,45681,518,202,6849,1037,14
North America,US,South Carolina,2020-07-27,45682,490,193,6850,1039,13
North America,US,South Carolina,2020-07-28,45684,463,185,6850,1040,12
North America,US,South Carolina,2020-07-29,45685,437,177,6850,1041,12
North America,US,South Carolina,2020-07-30,45686,413,169,6850,1042,11
North America,US,South Carolina,2020-07-31,45687,390,161,6850,1043,10
North America,US,South Carolina,2020-08-01,45688,369,154,6850,1044,9
North America,US,South Carolina,2020-08-02,45688,349,147,6851,1045,9
North America,US,South Carolina,2020-08-03,45689,329,141,6851,1046,8
North America,US,South Carolina,2020-08-04,45690,311,134,6851,1046,8
North America,US,South Carolina,2020-08-05,45690,294,128,6851,1047,7
North America,US,South Carolina,2020-08-06,45691,278,123,6851,1048,7
North America,US,South Carolina,2020-08-07,45691,262,117,6851,1049,6
North America,US,South Carolina,2020-08-08,45691,248,112,6851,1049,6
North America,US,South Carolina,2020-08-09,45692,234,107,6851,1050,6
North America,US,South Carolina,2020-08-10,45692,221,102,6851,1051,5
North America,US,South Carolina,2020-08-11,45692,209,98,6851,1051,5
North America,US,South Carolina,2020-08-12,45692,198,93,6851,1052,5
North America,US,South Carolina,2020-08-13,45693,187,89,6851,1052,4
North America,US,South Carolina,2020-08-14,45693,177,85,6851,1053,4
North America,US,South Carolina,2020-08-15,45693,167,81,6851,1053,4
North America,US,South Carolina,2020-08-16,45693,158,78,6851,1054,4
North America,US,South Carolina,2020-08-17,45693,149,74,6851,1054,3
North America,US,South Carolina,2020-08-18,45693,141,71,6851,1054,3
North America,US,South Carolina,2020-08-19,45694,133,68,6851,1055,3
North America,US,South Carolina,2020-08-20,45694,126,64,6851,1055,3
North America,US,South Carolina,2020-08-21,45694,119,62,6851,1056,3
North America,US,South Carolina,2020-08-22,45694,113,59,6851,1056,2
North America,US,South Carolina,2020-08-23,45694,107,56,6851,1056,2
North America,US,South Carolina,2020-08-24,45694,101,54,6851,1057,2
North America,US,South Carolina,2020-08-25,45694,96,51,6851,1057,2
North America,US,South Carolina,2020-08-26,45694,90,49,6851,1057,2
North America,US,South Carolina,2020-08-27,45694,85,47,6851,1057,2
North America,US,South Carolina,2020-08-28,45694,81,45,6851,1058,2
North America,US,South Carolina,2020-08-29,45694,77,43,6851,1058,1
North America,US,South Carolina,2020-08-30,45694,72,41,6851,1058,1
North America,US,South Carolina,2020-08-31,45694,69,39,6851,1058,1
North America,US,South Carolina,2020-09-01,45694,65,37,6851,1058,1
North America,US,South Dakota,2020-03-30,101,95,14,14,1,4
North America,US,South Dakota,2020-03-31,104,92,14,15,1,3
North America,US,South Dakota,2020-04-01,108,90,14,15,1,3
North America,US,South Dakota,2020-04-02,113,89,14,16,1,3
North America,US,South Dakota,2020-04-03,119,90,14,17,1,3
North America,US,South Dakota,2020-04-04,128,92,15,18,1,3
North America,US,South Dakota,2020-04-05,138,96,16,20,1,4
North America,US,South Dakota,2020-04-06,151,103,17,22,2,4
North America,US,South Dakota,2020-04-07,167,111,19,24,2,4
North America,US,South Dakota,2020-04-08,185,122,20,27,2,4
North America,US,South Dakota,2020-04-09,207,135,23,30,2,5
North America,US,South Dakota,2020-04-10,232,151,25,34,2,6
North America,US,South Dakota,2020-04-11,260,169,28,38,2,6
North America,US,South Dakota,2020-04-12,293,190,32,43,2,7
North America,US,South Dakota,2020-04-13,330,215,36,49,2,8
North America,US,South Dakota,2020-04-14,372,242,40,55,3,9
North America,US,South Dakota,2020-04-15,419,272,45,62,3,10
North America,US,South Dakota,2020-04-16,472,305,51,70,3,11
North America,US,South Dakota,2020-04-17,530,342,57,79,3,13
North America,US,South Dakota,2020-04-18,593,382,64,88,4,14
North America,US,South Dakota,2020-04-19,663,426,71,99,4,16
North America,US,South Dakota,2020-04-20,738,472,79,110,5,17
North America,US,South Dakota,2020-04-21,820,521,88,122,5,19
North America,US,South Dakota,2020-04-22,908,573,96,135,5,21
North America,US,South Dakota,2020-04-23,1002,628,106,149,6,23
North America,US,South Dakota,2020-04-24,1102,685,116,164,7,25
North America,US,South Dakota,2020-04-25,1207,744,126,180,7,27
North America,US,South Dakota,2020-04-26,1319,805,137,197,8,29
North America,US,South Dakota,2020-04-27,1436,868,148,214,9,32
North America,US,South Dakota,2020-04-28,1558,932,159,233,9,34
North America,US,South Dakota,2020-04-29,1685,996,170,252,10,36
North America,US,South Dakota,2020-04-30,1816,1060,182,272,11,39
North America,US,South Dakota,2020-05-01,1952,1125,194,292,12,41
North America,US,South Dakota,2020-05-02,2092,1189,205,313,13,43
North America,US,South Dakota,2020-05-03,2235,1253,217,334,14,46
North America,US,South Dakota,2020-05-04,2380,1315,229,356,16,48
North America,US,South Dakota,2020-05-05,2528,1376,240,378,17,50
North America,US,South Dakota,2020-05-06,2678,1434,251,401,18,52
North America,US,South Dakota,2020-05-07,2830,1491,262,424,19,54
North America,US,South Dakota,2020-05-08,2983,1545,272,447,21,56
North America,US,South Dakota,2020-05-09,3137,1597,283,470,22,58
North America,US,South Dakota,2020-05-10,3290,1645,292,493,24,60
North America,US,South Dakota,2020-05-11,3443,1690,302,516,25,61
North America,US,South Dakota,2020-05-12,3595,1731,310,538,27,63
North America,US,South Dakota,2020-05-13,3747,1769,318,561,29,64
North America,US,South Dakota,2020-05-14,3897,1803,326,584,30,65
North America,US,South Dakota,2020-05-15,4045,1833,333,606,32,66
North America,US,South Dakota,2020-05-16,4191,1859,339,628,34,67
North America,US,South Dakota,2020-05-17,4334,1881,345,649,35,68
North America,US,South Dakota,2020-05-18,4474,1899,350,670,37,68
North America,US,South Dakota,2020-05-19,4612,1913,354,691,39,69
North America,US,South Dakota,2020-05-20,4746,1923,358,711,41,69
North America,US,South Dakota,2020-05-21,4876,1929,361,731,43,69
North America,US,South Dakota,2020-05-22,5003,1931,363,750,45,69
North America,US,South Dakota,2020-05-23,5126,1930,365,768,47,69
North America,US,South Dakota,2020-05-24,5246,1924,366,786,48,69
North America,US,South Dakota,2020-05-25,5361,1916,366,803,50,68
North America,US,South Dakota,2020-05-26,5473,1904,366,820,52,68
North America,US,South Dakota,2020-05-27,5580,1889,365,836,54,67
North America,US,South Dakota,2020-05-28,5683,1870,364,851,56,66
North America,US,South Dakota,2020-05-29,5781,1849,362,866,58,66
North America,US,South Dakota,2020-05-30,5876,1825,359,880,60,65
North America,US,South Dakota,2020-05-31,5967,1799,356,894,61,64
North America,US,South Dakota,2020-06-01,6053,1771,353,907,63,63
North America,US,South Dakota,2020-06-02,6136,1740,349,920,65,61
North America,US,South Dakota,2020-06-03,6214,1708,345,931,67,60
North America,US,South Dakota,2020-06-04,6288,1673,340,942,68,59
North America,US,South Dakota,2020-06-05,6359,1637,335,953,70,57
North America,US,South Dakota,2020-06-06,6426,1601,330,963,72,56
North America,US,South Dakota,2020-06-07,6490,1563,324,973,73,55
North America,US,South Dakota,2020-06-08,6551,1524,318,982,75,53
North America,US,South Dakota,2020-06-09,6607,1485,312,990,77,52
North America,US,South Dakota,2020-06-10,6661,1444,306,998,78,50
North America,US,South Dakota,2020-06-11,6711,1403,299,1006,80,49
North America,US,South Dakota,2020-06-12,6758,1362,293,1013,81,47
North America,US,South Dakota,2020-06-13,6803,1321,286,1020,83,46
North America,US,South Dakota,2020-06-14,6845,1280,279,1026,84,44
North America,US,South Dakota,2020-06-15,6884,1238,272,1032,85,43
North America,US,South Dakota,2020-06-16,6921,1197,266,1037,87,41
North America,US,South Dakota,2020-06-17,6955,1156,259,1042,88,40
North America,US,South Dakota,2020-06-18,6987,1116,252,1047,89,38
North America,US,South Dakota,2020-06-19,7017,1076,245,1052,91,37
North America,US,South Dakota,2020-06-20,7045,1037,238,1056,92,35
North America,US,South Dakota,2020-06-21,7071,998,231,1060,93,34
North America,US,South Dakota,2020-06-22,7095,960,224,1063,94,32
North America,US,South Dakota,2020-06-23,7117,922,217,1067,95,31
North America,US,South Dakota,2020-06-24,7138,886,210,1070,96,30
North America,US,South Dakota,2020-06-25,7157,850,204,1073,97,29
North America,US,South Dakota,2020-06-26,7175,815,197,1075,98,27
North America,US,South Dakota,2020-06-27,7192,781,190,1078,99,26
North America,US,South Dakota,2020-06-28,7207,748,184,1080,100,25
North America,US,South Dakota,2020-06-29,7221,716,178,1082,101,24
North America,US,South Dakota,2020-06-30,7235,685,172,1084,102,23
North America,US,South Dakota,2020-07-01,7247,655,166,1086,102,22
North America,US,South Dakota,2020-07-02,7258,626,160,1088,103,21
North America,US,South Dakota,2020-07-03,7268,598,154,1089,104,20
North America,US,South Dakota,2020-07-04,7278,570,149,1091,105,19
North America,US,South Dakota,2020-07-05,7286,544,143,1092,105,18
North America,US,South Dakota,2020-07-06,7294,519,138,1093,106,17
North America,US,South Dakota,2020-07-07,7302,494,133,1094,107,16
North America,US,South Dakota,2020-07-08,7309,471,128,1095,107,15
North America,US,South Dakota,2020-07-09,7315,448,123,1096,108,14
North America,US,South Dakota,2020-07-10,7320,426,118,1097,108,14
North America,US,South Dakota,2020-07-11,7326,406,114,1098,109,13
North America,US,South Dakota,2020-07-12,7330,386,109,1099,110,12
North America,US,South Dakota,2020-07-13,7335,367,105,1099,110,12
North America,US,South Dakota,2020-07-14,7339,348,101,1100,111,11
North America,US,South Dakota,2020-07-15,7342,331,97,1100,111,10
North America,US,South Dakota,2020-07-16,7346,314,93,1101,111,10
North America,US,South Dakota,2020-07-17,7349,298,89,1101,112,9
North America,US,South Dakota,2020-07-18,7351,283,85,1102,112,9
North America,US,South Dakota,2020-07-19,7354,268,82,1102,113,8
North America,US,South Dakota,2020-07-20,7356,255,79,1103,113,8
North America,US,South Dakota,2020-07-21,7358,241,75,1103,113,7
North America,US,South Dakota,2020-07-22,7360,229,72,1103,114,7
North America,US,South Dakota,2020-07-23,7362,217,69,1103,114,7
North America,US,South Dakota,2020-07-24,7363,205,66,1104,114,6
North America,US,South Dakota,2020-07-25,7365,195,63,1104,115,6
North America,US,South Dakota,2020-07-26,7366,184,61,1104,115,5
North America,US,South Dakota,2020-07-27,7367,174,58,1104,115,5
North America,US,South Dakota,2020-07-28,7368,165,56,1104,115,5
North America,US,South Dakota,2020-07-29,7369,156,53,1104,116,5
North America,US,South Dakota,2020-07-30,7370,148,51,1105,116,4
North America,US,South Dakota,2020-07-31,7371,140,49,1105,116,4
North America,US,South Dakota,2020-08-01,7372,132,47,1105,116,4
North America,US,South Dakota,2020-08-02,7372,125,45,1105,116,4
North America,US,South Dakota,2020-08-03,7373,118,43,1105,117,3
North America,US,South Dakota,2020-08-04,7373,112,41,1105,117,3
North America,US,South Dakota,2020-08-05,7374,106,39,1105,117,3
North America,US,South Dakota,2020-08-06,7374,100,37,1105,117,3
North America,US,South Dakota,2020-08-07,7375,95,36,1105,117,3
North America,US,South Dakota,2020-08-08,7375,89,34,1105,117,2
North America,US,South Dakota,2020-08-09,7375,85,33,1105,118,2
North America,US,South Dakota,2020-08-10,7376,80,31,1105,118,2
North America,US,South Dakota,2020-08-11,7376,76,30,1105,118,2
North America,US,South Dakota,2020-08-12,7376,71,29,1106,118,2
North America,US,South Dakota,2020-08-13,7376,67,27,1106,118,2
North America,US,South Dakota,2020-08-14,7376,64,26,1106,118,2
North America,US,South Dakota,2020-08-15,7377,60,25,1106,118,2
North America,US,South Dakota,2020-08-16,7377,57,24,1106,118,1
North America,US,South Dakota,2020-08-17,7377,54,23,1106,119,1
North America,US,South Dakota,2020-08-18,7377,51,22,1106,119,1
North America,US,South Dakota,2020-08-19,7377,48,21,1106,119,1
North America,US,South Dakota,2020-08-20,7377,45,20,1106,119,1
North America,US,South Dakota,2020-08-21,7377,43,19,1106,119,1
North America,US,South Dakota,2020-08-22,7377,41,18,1106,119,1
North America,US,South Dakota,2020-08-23,7377,38,17,1106,119,1
North America,US,South Dakota,2020-08-24,7378,36,17,1106,119,1
North America,US,South Dakota,2020-08-25,7378,34,16,1106,119,1
North America,US,South Dakota,2020-08-26,7378,32,15,1106,119,1
North America,US,South Dakota,2020-08-27,7378,31,14,1106,119,1
North America,US,South Dakota,2020-08-28,7378,29,14,1106,119,1
North America,US,South Dakota,2020-08-29,7378,27,13,1106,119,1
North America,US,South Dakota,2020-08-30,7378,26,13,1106,119,1
North America,US,South Dakota,2020-08-31,7378,24,12,1106,120,1
North America,US,South Dakota,2020-09-01,7378,23,11,1106,120,1
North America,US,Tennessee,2020-03-19,154,154,23,23,0,6
North America,US,Tennessee,2020-03-20,304,289,44,46,0,11
North America,US,Tennessee,2020-03-21,444,406,63,67,0,15
North America,US,Tennessee,2020-03-22,590,522,81,88,1,19
North America,US,Tennessee,2020-03-23,751,645,101,113,1,24
North America,US,Tennessee,2020-03-24,935,782,123,140,2,29
North America,US,Tennessee,2020-03-25,1145,936,149,172,2,35
North America,US,Tennessee,2020-03-26,1386,1110,177,208,3,41
North America,US,Tennessee,2020-03-27,1660,1306,210,249,4,48
North America,US,Tennessee,2020-03-28,1972,1525,246,296,5,56
North America,US,Tennessee,2020-03-29,2325,1770,286,349,6,65
North America,US,Tennessee,2020-03-30,2721,2042,332,408,7,75
North America,US,Tennessee,2020-03-31,3162,2340,381,474,9,86
North America,US,Tennessee,2020-04-01,3651,2666,436,548,11,98
North America,US,Tennessee,2020-04-02,4192,3021,495,629,13,111
North America,US,Tennessee,2020-04-03,4785,3405,560,718,15,126
North America,US,Tennessee,2020-04-04,5430,3814,629,814,18,141
North America,US,Tennessee,2020-04-05,6126,4248,703,919,21,156
North America,US,Tennessee,2020-04-06,6877,4706,781,1032,24,173
North America,US,Tennessee,2020-04-07,7684,5190,864,1153,28,191
North America,US,Tennessee,2020-04-08,8542,5694,951,1281,32,209
North America,US,Tennessee,2020-04-09,9448,6212,1041,1417,36,228
North America,US,Tennessee,2020-04-10,10401,6742,1133,1560,41,247
North America,US,Tennessee,2020-04-11,11401,7285,1229,1710,46,267
North America,US,Tennessee,2020-04-12,12446,7837,1326,1867,52,287
North America,US,Tennessee,2020-04-13,13530,8393,1425,2030,58,307
North America,US,Tennessee,2020-04-14,14647,8946,1525,2197,65,327
North America,US,Tennessee,2020-04-15,15795,9492,1624,2369,72,347
North America,US,Tennessee,2020-04-16,16969,10031,1723,2545,79,367
North America,US,Tennessee,2020-04-17,18170,10561,1821,2725,87,386
North America,US,Tennessee,2020-04-18,19388,11076,1917,2908,95,404
North America,US,Tennessee,2020-04-19,20619,11570,2011,3093,104,422
North America,US,Tennessee,2020-04-20,21857,12040,2102,3279,113,438
North America,US,Tennessee,2020-04-21,23099,12484,2189,3465,122,454
North America,US,Tennessee,2020-04-22,24342,12901,2272,3651,132,469
North America,US,Tennessee,2020-04-23,25582,13290,2351,3837,142,483
North America,US,Tennessee,2020-04-24,26813,13645,2425,4022,153,495
North America,US,Tennessee,2020-04-25,28031,13967,2494,4205,163,506
North America,US,Tennessee,2020-04-26,29234,14253,2557,4385,174,516
North America,US,Tennessee,2020-04-27,30417,14503,2615,4563,186,524
North America,US,Tennessee,2020-04-28,31579,14716,2667,4737,197,532
North America,US,Tennessee,2020-04-29,32715,14892,2713,4907,209,537
North America,US,Tennessee,2020-04-30,33822,15029,2753,5073,221,542
North America,US,Tennessee,2020-05-01,34900,15129,2786,5235,233,545
North America,US,Tennessee,2020-05-02,35947,15194,2814,5392,245,546
North America,US,Tennessee,2020-05-03,36963,15224,2836,5544,257,547
North America,US,Tennessee,2020-05-04,37944,15220,2851,5692,270,546
North America,US,Tennessee,2020-05-05,38888,15180,2861,5833,282,544
North America,US,Tennessee,2020-05-06,39794,15106,2864,5969,294,540
North America,US,Tennessee,2020-05-07,40665,15003,2862,6100,307,536
North America,US,Tennessee,2020-05-08,41500,14872,2855,6225,319,530
North America,US,Tennessee,2020-05-09,42299,14716,2843,6345,331,524
North America,US,Tennessee,2020-05-10,43062,14535,2827,6459,344,517
North America,US,Tennessee,2020-05-11,43785,14327,2805,6568,356,508
North America,US,Tennessee,2020-05-12,44471,14095,2779,6671,368,499
North America,US,Tennessee,2020-05-13,45122,13845,2748,6768,379,490
North America,US,Tennessee,2020-05-14,45741,13580,2715,6861,391,479
North America,US,Tennessee,2020-05-15,46328,13301,2678,6949,403,469
North America,US,Tennessee,2020-05-16,46882,13010,2638,7032,414,458
North America,US,Tennessee,2020-05-17,47403,12703,2595,7110,425,446
North America,US,Tennessee,2020-05-18,47889,12383,2549,7183,436,434
North America,US,Tennessee,2020-05-19,48346,12054,2501,7252,447,421
North America,US,Tennessee,2020-05-20,48776,11720,2451,7316,457,409
North America,US,Tennessee,2020-05-21,49180,11384,2399,7377,467,396
North America,US,Tennessee,2020-05-22,49560,11044,2347,7434,477,384
North America,US,Tennessee,2020-05-23,49913,10701,2292,7487,487,371
North America,US,Tennessee,2020-05-24,50240,10354,2237,7536,497,358
North America,US,Tennessee,2020-05-25,50545,10006,2180,7582,506,345
North America,US,Tennessee,2020-05-26,50829,9661,2123,7624,515,333
North America,US,Tennessee,2020-05-27,51094,9320,2066,7664,524,320
North America,US,Tennessee,2020-05-28,51340,8982,2009,7701,532,308
North America,US,Tennessee,2020-05-29,51568,8647,1951,7735,540,295
North America,US,Tennessee,2020-05-30,51778,8316,1894,7767,548,283
North America,US,Tennessee,2020-05-31,51972,7990,1837,7796,556,271
North America,US,Tennessee,2020-06-01,52152,7671,1780,7823,563,260
North America,US,Tennessee,2020-06-02,52318,7360,1724,7848,571,249
North America,US,Tennessee,2020-06-03,52472,7055,1669,7871,578,238
North America,US,Tennessee,2020-06-04,52613,6758,1614,7892,584,227
North America,US,Tennessee,2020-06-05,52742,6467,1560,7911,591,217
North America,US,Tennessee,2020-06-06,52860,6185,1507,7929,597,206
North America,US,Tennessee,2020-06-07,52969,5911,1455,7945,603,197
North America,US,Tennessee,2020-06-08,53070,5646,1404,7960,609,187
North America,US,Tennessee,2020-06-09,53162,5389,1354,7974,615,178
North America,US,Tennessee,2020-06-10,53247,5141,1305,7987,620,169
North America,US,Tennessee,2020-06-11,53323,4901,1257,7998,625,161
North America,US,Tennessee,2020-06-12,53393,4669,1210,8009,630,153
North America,US,Tennessee,2020-06-13,53457,4446,1165,8019,635,145
North America,US,Tennessee,2020-06-14,53516,4232,1121,8027,639,137
North America,US,Tennessee,2020-06-15,53569,4026,1078,8035,644,130
North America,US,Tennessee,2020-06-16,53618,3829,1037,8043,648,123
North America,US,Tennessee,2020-06-17,53662,3639,996,8049,652,117
North America,US,Tennessee,2020-06-18,53702,3457,957,8055,656,110
North America,US,Tennessee,2020-06-19,53739,3283,919,8061,659,104
North America,US,Tennessee,2020-06-20,53772,3116,882,8066,663,99
North America,US,Tennessee,2020-06-21,53802,2957,847,8070,666,93
North America,US,Tennessee,2020-06-22,53830,2805,813,8074,670,88
North America,US,Tennessee,2020-06-23,53854,2660,780,8078,673,83
North America,US,Tennessee,2020-06-24,53877,2521,748,8081,676,78
North America,US,Tennessee,2020-06-25,53897,2389,717,8085,679,74
North America,US,Tennessee,2020-06-26,53915,2263,687,8087,681,70
North America,US,Tennessee,2020-06-27,53932,2143,658,8090,684,66
North America,US,Tennessee,2020-06-28,53947,2029,631,8092,686,62
North America,US,Tennessee,2020-06-29,53960,1921,604,8094,689,58
North America,US,Tennessee,2020-06-30,53972,1818,579,8096,691,55
North America,US,Tennessee,2020-07-01,53983,1720,554,8097,693,51
North America,US,Tennessee,2020-07-02,53993,1627,531,8099,695,48
North America,US,Tennessee,2020-07-03,54002,1539,508,8100,697,45
North America,US,Tennessee,2020-07-04,54010,1455,486,8101,699,43
North America,US,Tennessee,2020-07-05,54017,1376,465,8103,701,40
North America,US,Tennessee,2020-07-06,54023,1301,445,8104,702,38
North America,US,Tennessee,2020-07-07,54029,1229,426,8104,704,35
North America,US,Tennessee,2020-07-08,54034,1162,407,8105,706,33
North America,US,Tennessee,2020-07-09,54039,1098,390,8106,707,31
North America,US,Tennessee,2020-07-10,54043,1037,373,8106,709,29
North America,US,Tennessee,2020-07-11,54047,980,356,8107,710,28
North America,US,Tennessee,2020-07-12,54050,926,341,8108,711,26
North America,US,Tennessee,2020-07-13,54053,874,326,8108,712,24
North America,US,Tennessee,2020-07-14,54056,826,311,8108,714,23
North America,US,Tennessee,2020-07-15,54058,780,298,8109,715,21
North America,US,Tennessee,2020-07-16,54060,737,285,8109,716,20
North America,US,Tennessee,2020-07-17,54062,696,272,8109,717,19
North America,US,Tennessee,2020-07-18,54064,657,260,8110,718,18
North America,US,Tennessee,2020-07-19,54066,620,248,8110,719,16
North America,US,Tennessee,2020-07-20,54067,586,237,8110,719,15
North America,US,Tennessee,2020-07-21,54068,553,227,8110,720,14
North America,US,Tennessee,2020-07-22,54069,522,217,8110,721,13
North America,US,Tennessee,2020-07-23,54070,493,207,8111,722,13
North America,US,Tennessee,2020-07-24,54071,466,198,8111,722,12
North America,US,Tennessee,2020-07-25,54072,440,189,8111,723,11
North America,US,Tennessee,2020-07-26,54073,415,181,8111,724,10
North America,US,Tennessee,2020-07-27,54073,392,173,8111,724,10
North America,US,Tennessee,2020-07-28,54074,371,165,8111,725,9
North America,US,Tennessee,2020-07-29,54074,350,157,8111,726,8
North America,US,Tennessee,2020-07-30,54075,331,150,8111,726,8
North America,US,Tennessee,2020-07-31,54075,312,144,8111,727,7
North America,US,Tennessee,2020-08-01,54075,295,137,8111,727,7
North America,US,Tennessee,2020-08-02,54076,279,131,8111,728,7
North America,US,Tennessee,2020-08-03,54076,263,125,8111,728,6
North America,US,Tennessee,2020-08-04,54076,249,120,8111,728,6
North America,US,Tennessee,2020-08-05,54076,235,114,8111,729,5
North America,US,Tennessee,2020-08-06,54076,222,109,8111,729,5
North America,US,Tennessee,2020-08-07,54077,210,104,8111,729,5
North America,US,Tennessee,2020-08-08,54077,198,99,8112,730,4
North America,US,Tennessee,2020-08-09,54077,187,95,8112,730,4
North America,US,Tennessee,2020-08-10,54077,177,91,8112,730,4
North America,US,Tennessee,2020-08-11,54077,167,87,8112,731,4
North America,US,Tennessee,2020-08-12,54077,158,83,8112,731,3
North America,US,Tennessee,2020-08-13,54077,150,79,8112,731,3
North America,US,Tennessee,2020-08-14,54077,141,75,8112,732,3
North America,US,Tennessee,2020-08-15,54077,134,72,8112,732,3
North America,US,Tennessee,2020-08-16,54077,126,69,8112,732,3
North America,US,Tennessee,2020-08-17,54078,120,66,8112,732,2
North America,US,Tennessee,2020-08-18,54078,113,63,8112,732,2
North America,US,Tennessee,2020-08-19,54078,107,60,8112,733,2
North America,US,Tennessee,2020-08-20,54078,101,57,8112,733,2
North America,US,Tennessee,2020-08-21,54078,96,55,8112,733,2
North America,US,Tennessee,2020-08-22,54078,91,52,8112,733,2
North America,US,Tennessee,2020-08-23,54078,86,50,8112,733,2
North America,US,Tennessee,2020-08-24,54078,81,48,8112,733,1
North America,US,Tennessee,2020-08-25,54078,77,45,8112,734,1
North America,US,Tennessee,2020-08-26,54078,73,43,8112,734,1
North America,US,Tennessee,2020-08-27,54078,69,41,8112,734,1
North America,US,Tennessee,2020-08-28,54078,65,40,8112,734,1
North America,US,Tennessee,2020-08-29,54078,62,38,8112,734,1
North America,US,Tennessee,2020-08-30,54078,58,36,8112,734,1
North America,US,Tennessee,2020-08-31,54078,55,34,8112,734,1
North America,US,Tennessee,2020-09-01,54078,52,33,8112,734,1
North America,US,Texas,2020-03-17,110,104,16,16,1,4
North America,US,Texas,2020-03-18,185,170,26,27,1,6
North America,US,Texas,2020-03-19,264,236,36,39,1,9
North America,US,Texas,2020-03-20,356,310,48,52,2,12
North America,US,Texas,2020-03-21,467,398,62,69,2,15
North America,US,Texas,2020-03-22,604,506,80,90,2,19
North America,US,Texas,2020-03-23,772,636,101,115,3,24
North America,US,Texas,2020-03-24,976,794,126,146,4,29
North America,US,Texas,2020-03-25,1224,984,157,183,5,37
North America,US,Texas,2020-03-26,1523,1212,193,228,6,45
North America,US,Texas,2020-03-27,1880,1481,237,281,7,55
North America,US,Texas,2020-03-28,2304,1798,288,345,9,67
North America,US,Texas,2020-03-29,2805,2170,349,420,11,80
North America,US,Texas,2020-03-30,3391,2600,419,508,13,96
North America,US,Texas,2020-03-31,4069,3093,500,609,16,114
North America,US,Texas,2020-04-01,4852,3656,592,727,20,135
North America,US,Texas,2020-04-02,5753,4298,697,862,24,159
North America,US,Texas,2020-04-03,6777,5019,816,1016,29,185
North America,US,Texas,2020-04-04,7932,5821,948,1189,34,215
North America,US,Texas,2020-04-05,9227,6708,1095,1383,41,248
North America,US,Texas,2020-04-06,10679,7690,1259,1601,49,284
North America,US,Texas,2020-04-07,12289,8766,1438,1842,57,323
North America,US,Texas,2020-04-08,14061,9928,1633,2108,67,366
North America,US,Texas,2020-04-09,15999,11179,1843,2399,78,412
North America,US,Texas,2020-04-10,18116,12523,2070,2716,91,461
North America,US,Texas,2020-04-11,20416,13962,2314,3062,105,514
North America,US,Texas,2020-04-12,22893,15481,2572,3433,120,570
North America,US,Texas,2020-04-13,25545,17072,2845,3831,138,628
North America,US,Texas,2020-04-14,28373,18734,3131,4255,157,688
North America,US,Texas,2020-04-15,31386,20471,3431,4707,178,752
North America,US,Texas,2020-04-16,34577,22272,3744,5186,201,817
North America,US,Texas,2020-04-17,37931,24117,4066,5689,226,885
North America,US,Texas,2020-04-18,41439,25995,4396,6215,252,953
North America,US,Texas,2020-04-19,45098,27900,4734,6764,282,1022
North America,US,Texas,2020-04-20,48911,29834,5079,7336,313,1092
North America,US,Texas,2020-04-21,52866,31787,5429,7929,346,1163
North America,US,Texas,2020-04-22,56943,33735,5781,8541,382,1233
North America,US,Texas,2020-04-23,61125,35661,6133,9168,420,1303
North America,US,Texas,2020-04-24,65402,37557,6482,9809,460,1371
North America,US,Texas,2020-04-25,69769,39423,6829,10465,502,1438
North America,US,Texas,2020-04-26,74224,41257,7173,11133,546,1504
North America,US,Texas,2020-04-27,78744,43040,7512,11811,593,1567
North America,US,Texas,2020-04-28,83307,44754,7841,12495,641,1629
North America,US,Texas,2020-04-29,87898,46387,8159,13184,692,1687
North America,US,Texas,2020-04-30,92506,47933,8466,13875,745,1741
North America,US,Texas,2020-05-01,97126,49394,8760,14568,799,1793
North America,US,Texas,2020-05-02,101752,50771,9042,15262,855,1841
North America,US,Texas,2020-05-03,106364,52051,9309,15954,913,1886
North America,US,Texas,2020-05-04,110946,53221,9559,16641,972,1926
North America,US,Texas,2020-05-05,115483,54275,9792,17322,1033,1962
North America,US,Texas,2020-05-06,119966,55211,10006,17994,1095,1994
North America,US,Texas,2020-05-07,124388,56029,10202,18657,1159,2022
North America,US,Texas,2020-05-08,128744,56734,10379,19311,1223,2045
North America,US,Texas,2020-05-09,133027,57325,10537,19953,1289,2064
North America,US,Texas,2020-05-10,137221,57794,10675,20582,1355,2079
North America,US,Texas,2020-05-11,141322,58145,10793,21197,1422,2089
North America,US,Texas,2020-05-12,145327,58382,10892,21798,1490,2095
North America,US,Texas,2020-05-13,149230,58508,10972,22384,1558,2097
North America,US,Texas,2020-05-14,153026,58524,11032,22953,1627,2095
North America,US,Texas,2020-05-15,156709,58432,11073,23505,1695,2089
North America,US,Texas,2020-05-16,160273,58230,11095,24040,1764,2080
North America,US,Texas,2020-05-17,163711,57920,11097,24556,1833,2066
North America,US,Texas,2020-05-18,167026,57511,11081,25053,1902,2048
North America,US,Texas,2020-05-19,170223,57016,11048,25533,1970,2028
North America,US,Texas,2020-05-20,173305,56441,11000,25995,2038,2005
North America,US,Texas,2020-05-21,176268,55790,10937,26439,2106,1979
North America,US,Texas,2020-05-22,179105,55060,10858,26865,2173,1950
North America,US,Texas,2020-05-23,181812,54248,10764,27271,2240,1918
North America,US,Texas,2020-05-24,184397,53370,10656,27659,2306,1884
North America,US,Texas,2020-05-25,186867,52438,10536,28029,2371,1849
North America,US,Texas,2020-05-26,189226,51459,10405,28383,2435,1811
North America,US,Texas,2020-05-27,191475,50436,10264,28720,2498,1772
North America,US,Texas,2020-05-28,193610,49368,10113,29041,2560,1732
North America,US,Texas,2020-05-29,195628,48253,9951,29343,2621,1690
North America,US,Texas,2020-05-30,197537,47103,9781,29630,2682,1647
North America,US,Texas,2020-05-31,199347,45930,9604,29901,2741,1603
North America,US,Texas,2020-06-01,201064,44743,9421,30159,2798,1558
North America,US,Texas,2020-06-02,202690,43544,9233,30403,2855,1514
North America,US,Texas,2020-06-03,204224,42332,9041,30633,2910,1469
North America,US,Texas,2020-06-04,205661,41102,8843,30848,2964,1423
North America,US,Texas,2020-06-05,207007,39859,8640,31050,3017,1377
North America,US,Texas,2020-06-06,208273,38618,8435,31240,3068,1332
North America,US,Texas,2020-06-07,209465,37384,8228,31419,3118,1286
North America,US,Texas,2020-06-08,210589,36163,8020,31587,3167,1242
North America,US,Texas,2020-06-09,211643,34952,7812,31746,3214,1197
North America,US,Texas,2020-06-10,212627,33748,7603,31893,3260,1153
North America,US,Texas,2020-06-11,213539,32549,7393,32030,3305,1110
North America,US,Texas,2020-06-12,214390,31367,7183,32158,3348,1067
North America,US,Texas,2020-06-13,215187,30207,6975,32277,3390,1025
North America,US,Texas,2020-06-14,215933,29070,6769,32389,3431,984
North America,US,Texas,2020-06-15,216629,27958,6565,32493,3470,944
North America,US,Texas,2020-06-16,217275,26866,6363,32590,3509,905
North America,US,Texas,2020-06-17,217872,25794,6163,32680,3546,866
North America,US,Texas,2020-06-18,218426,24747,5965,32763,3581,829
North America,US,Texas,2020-06-19,218941,23729,5771,32840,3616,792
North America,US,Texas,2020-06-20,219420,22739,5580,32912,3649,757
North America,US,Texas,2020-06-21,219864,21778,5393,32979,3681,723
North America,US,Texas,2020-06-22,220275,20844,5209,33040,3712,690
North America,US,Texas,2020-06-23,220653,19936,5029,33097,3741,658
North America,US,Texas,2020-06-24,221001,19057,4853,33149,3770,627
North America,US,Texas,2020-06-25,221324,18207,4680,33198,3798,597
North America,US,Texas,2020-06-26,221622,17386,4512,33242,3824,568
North America,US,Texas,2020-06-27,221898,16595,4349,33284,3850,540
North America,US,Texas,2020-06-28,222152,15832,4189,33322,3874,514
North America,US,Texas,2020-06-29,222384,15095,4034,33357,3898,488
North America,US,Texas,2020-06-30,222597,14385,3883,33389,3920,463
North America,US,Texas,2020-07-01,222793,13702,3736,33418,3942,440
North America,US,Texas,2020-07-02,222973,13047,3593,33445,3963,417
North America,US,Texas,2020-07-03,223140,12419,3455,33470,3983,395
North America,US,Texas,2020-07-04,223292,11816,3321,33493,4002,375
North America,US,Texas,2020-07-05,223432,11238,3192,33514,4020,355
North America,US,Texas,2020-07-06,223558,10683,3066,33533,4038,336
North America,US,Texas,2020-07-07,223674,10152,2944,33550,4055,318
North America,US,Texas,2020-07-08,223781,9644,2827,33566,4071,301
North America,US,Texas,2020-07-09,223879,9159,2713,33581,4086,284
North America,US,Texas,2020-07-10,223968,8696,2604,33594,4101,269
North America,US,Texas,2020-07-11,224050,8254,2498,33607,4115,254
North America,US,Texas,2020-07-12,224124,7831,2396,33618,4129,240
North America,US,Texas,2020-07-13,224191,7428,2297,33628,4141,226
North America,US,Texas,2020-07-14,224252,7044,2202,33637,4154,214
North America,US,Texas,2020-07-15,224308,6678,2111,33645,4166,201
North America,US,Texas,2020-07-16,224360,6330,2023,33653,4177,190
North America,US,Texas,2020-07-17,224406,5999,1938,33660,4188,179
North America,US,Texas,2020-07-18,224448,5683,1857,33666,4198,169
North America,US,Texas,2020-07-19,224486,5383,1779,33672,4208,159
North America,US,Texas,2020-07-20,224521,5097,1703,33677,4217,150
North America,US,Texas,2020-07-21,224553,4827,1631,33682,4226,141
North America,US,Texas,2020-07-22,224581,4569,1561,33686,4235,133
North America,US,Texas,2020-07-23,224607,4325,1495,33690,4243,125
North America,US,Texas,2020-07-24,224631,4093,1430,33694,4251,117
North America,US,Texas,2020-07-25,224652,3873,1369,33697,4258,110
North America,US,Texas,2020-07-26,224671,3664,1310,33700,4265,104
North America,US,Texas,2020-07-27,224689,3466,1253,33702,4272,98
North America,US,Texas,2020-07-28,224705,3279,1199,33705,4278,92
North America,US,Texas,2020-07-29,224719,3101,1147,33707,4285,86
North America,US,Texas,2020-07-30,224732,2933,1097,33709,4290,81
North America,US,Texas,2020-07-31,224743,2773,1049,33711,4296,76
North America,US,Texas,2020-08-01,224754,2622,1003,33712,4301,71
North America,US,Texas,2020-08-02,224763,2479,959,33714,4306,67
North America,US,Texas,2020-08-03,224772,2344,917,33715,4311,63
North America,US,Texas,2020-08-04,224779,2216,877,33716,4316,59
North America,US,Texas,2020-08-05,224786,2094,838,33717,4320,55
North America,US,Texas,2020-08-06,224793,1980,801,33718,4324,52
North America,US,Texas,2020-08-07,224798,1871,766,33719,4328,49
North America,US,Texas,2020-08-08,224803,1769,732,33720,4332,46
North America,US,Texas,2020-08-09,224808,1672,699,33720,4336,43
North America,US,Texas,2020-08-10,224812,1580,668,33721,4339,40
North America,US,Texas,2020-08-11,224816,1493,639,33721,4343,38
North America,US,Texas,2020-08-12,224819,1411,610,33722,4346,35
North America,US,Texas,2020-08-13,224822,1334,583,33722,4349,33
North America,US,Texas,2020-08-14,224825,1261,557,33723,4351,31
North America,US,Texas,2020-08-15,224827,1192,532,33723,4354,29
North America,US,Texas,2020-08-16,224829,1126,508,33723,4357,27
North America,US,Texas,2020-08-17,224831,1065,486,33724,4359,26
North America,US,Texas,2020-08-18,224833,1006,464,33724,4361,24
North America,US,Texas,2020-08-19,224834,951,443,33724,4364,22
North America,US,Texas,2020-08-20,224836,899,423,33724,4366,21
North America,US,Texas,2020-08-21,224837,850,404,33725,4368,20
North America,US,Texas,2020-08-22,224838,803,386,33725,4370,18
North America,US,Texas,2020-08-23,224839,760,369,33725,4372,17
North America,US,Texas,2020-08-24,224840,718,352,33725,4373,16
North America,US,Texas,2020-08-25,224841,679,337,33725,4375,15
North America,US,Texas,2020-08-26,224841,642,322,33725,4376,14
North America,US,Texas,2020-08-27,224842,607,307,33725,4378,13
North America,US,Texas,2020-08-28,224842,574,293,33725,4379,12
North America,US,Texas,2020-08-29,224843,543,280,33726,4381,12
North America,US,Texas,2020-08-30,224843,514,268,33726,4382,11
North America,US,Texas,2020-08-31,224844,486,255,33726,4383,10
North America,US,Texas,2020-09-01,224844,459,244,33726,4384,10
North America,US,Utah,2020-03-21,118,118,18,18,0,4
North America,US,Utah,2020-03-22,125,117,18,19,0,4
North America,US,Utah,2020-03-23,136,121,19,20,0,5
North America,US,Utah,2020-03-24,152,129,20,23,0,5
North America,US,Utah,2020-03-25,172,140,22,26,0,5
North America,US,Utah,2020-03-26,197,155,25,30,0,6
North America,US,Utah,2020-03-27,228,175,28,34,0,6
North America,US,Utah,2020-03-28,265,200,32,40,1,7
North America,US,Utah,2020-03-29,309,230,37,46,1,8
North America,US,Utah,2020-03-30,361,266,43,54,1,10
North America,US,Utah,2020-03-31,422,308,50,63,1,11
North America,US,Utah,2020-04-01,493,357,59,74,1,13
North America,US,Utah,2020-04-02,575,414,68,86,1,15
North America,US,Utah,2020-04-03,670,480,79,100,2,18
North America,US,Utah,2020-04-04,777,553,91,117,2,20
North America,US,Utah,2020-04-05,898,636,105,135,2,23
North America,US,Utah,2020-04-06,1035,728,120,155,2,27
North America,US,Utah,2020-04-07,1188,830,137,178,3,31
North America,US,Utah,2020-04-08,1358,942,156,204,3,35
North America,US,Utah,2020-04-09,1545,1064,176,232,4,39
North America,US,Utah,2020-04-10,1750,1195,198,263,5,44
North America,US,Utah,2020-04-11,1974,1337,222,296,5,49
North America,US,Utah,2020-04-12,2218,1489,248,333,6,55
North America,US,Utah,2020-04-13,2482,1650,275,372,7,61
North America,US,Utah,2020-04-14,2764,1818,304,415,8,67
North America,US,Utah,2020-04-15,3065,1995,335,460,9,73
North America,US,Utah,2020-04-16,3386,2180,367,508,10,80
North America,US,Utah,2020-04-17,3727,2372,400,559,11,87
North America,US,Utah,2020-04-18,4085,2570,434,613,12,94
North America,US,Utah,2020-04-19,4461,2771,470,669,14,102
North America,US,Utah,2020-04-20,4852,2975,506,728,15,109
North America,US,Utah,2020-04-21,5261,3183,543,789,17,116
North America,US,Utah,2020-04-22,5686,3393,581,853,19,124
North America,US,Utah,2020-04-23,6124,3603,619,919,21,132
North America,US,Utah,2020-04-24,6573,3811,657,986,23,139
North America,US,Utah,2020-04-25,7034,4017,694,1055,25,147
North America,US,Utah,2020-04-26,7504,4219,732,1126,27,154
North America,US,Utah,2020-04-27,7985,4418,769,1198,30,161
North America,US,Utah,2020-04-28,8473,4612,806,1271,32,168
North America,US,Utah,2020-04-29,8966,4799,842,1345,35,175
North America,US,Utah,2020-04-30,9462,4977,877,1419,38,181
North America,US,Utah,2020-05-01,9961,5147,910,1494,40,187
North America,US,Utah,2020-05-02,10462,5307,942,1569,43,193
North America,US,Utah,2020-05-03,10964,5459,973,1645,46,198
North America,US,Utah,2020-05-04,11464,5600,1003,1720,49,203
North America,US,Utah,2020-05-05,11962,5730,1030,1794,53,207
North America,US,Utah,2020-05-06,12455,5847,1056,1868,56,211
North America,US,Utah,2020-05-07,12943,5951,1080,1941,59,215
North America,US,Utah,2020-05-08,13424,6043,1102,2014,63,218
North America,US,Utah,2020-05-09,13899,6123,1122,2085,66,221
North America,US,Utah,2020-05-10,14366,6191,1139,2155,70,223
North America,US,Utah,2020-05-11,14824,6245,1155,2224,73,225
North America,US,Utah,2020-05-12,15273,6287,1168,2291,77,226
North America,US,Utah,2020-05-13,15710,6316,1180,2357,81,227
North America,US,Utah,2020-05-14,16137,6333,1189,2421,84,227
North America,US,Utah,2020-05-15,16553,6338,1196,2483,88,227
North America,US,Utah,2020-05-16,16956,6331,1201,2543,92,226
North America,US,Utah,2020-05-17,17346,6312,1204,2602,95,225
North America,US,Utah,2020-05-18,17724,6282,1205,2659,99,224
North America,US,Utah,2020-05-19,18088,6241,1204,2713,103,222
North America,US,Utah,2020-05-20,18440,6191,1201,2766,106,220
North America,US,Utah,2020-05-21,18778,6131,1197,2817,110,218
North America,US,Utah,2020-05-22,19104,6063,1190,2866,114,215
North America,US,Utah,2020-05-23,19416,5987,1182,2912,117,212
North America,US,Utah,2020-05-24,19715,5901,1172,2957,121,209
North America,US,Utah,2020-05-25,20000,5808,1161,3000,125,205
North America,US,Utah,2020-05-26,20272,5709,1149,3041,128,201
North America,US,Utah,2020-05-27,20533,5605,1135,3080,132,197
North America,US,Utah,2020-05-28,20781,5496,1120,3117,135,193
North America,US,Utah,2020-05-29,21017,5382,1104,3153,138,189
North America,US,Utah,2020-05-30,21240,5262,1087,3186,142,184
North America,US,Utah,2020-05-31,21451,5139,1069,3218,145,180
North America,US,Utah,2020-06-01,21652,5013,1050,3248,148,175
North America,US,Utah,2020-06-02,21842,4885,1030,3276,151,170
North America,US,Utah,2020-06-03,22023,4756,1010,3303,154,165
North America,US,Utah,2020-06-04,22193,4625,989,3329,157,160
North America,US,Utah,2020-06-05,22352,4492,968,3353,160,155
North America,US,Utah,2020-06-06,22502,4358,946,3375,163,151
North America,US,Utah,2020-06-07,22642,4224,924,3396,166,146
North America,US,Utah,2020-06-08,22775,4090,902,3416,169,141
North America,US,Utah,2020-06-09,22900,3958,879,3435,171,136
North America,US,Utah,2020-06-10,23017,3826,857,3453,174,131
North America,US,Utah,2020-06-11,23127,3695,834,3469,176,126
North America,US,Utah,2020-06-12,23228,3565,811,3484,179,121
North America,US,Utah,2020-06-13,23323,3437,789,3499,181,117
North America,US,Utah,2020-06-14,23412,3310,766,3512,183,112
North America,US,Utah,2020-06-15,23496,3187,744,3524,185,108
North America,US,Utah,2020-06-16,23573,3065,721,3536,188,103
North America,US,Utah,2020-06-17,23645,2946,699,3547,190,99
North America,US,Utah,2020-06-18,23712,2829,677,3557,192,95
North America,US,Utah,2020-06-19,23774,2715,656,3566,194,91
North America,US,Utah,2020-06-20,23832,2604,635,3575,195,87
North America,US,Utah,2020-06-21,23885,2496,614,3583,197,83
North America,US,Utah,2020-06-22,23935,2391,593,3590,199,79
North America,US,Utah,2020-06-23,23981,2289,573,3597,201,76
North America,US,Utah,2020-06-24,24023,2189,554,3604,202,72
North America,US,Utah,2020-06-25,24063,2093,534,3609,204,69
North America,US,Utah,2020-06-26,24099,2000,516,3615,205,65
North America,US,Utah,2020-06-27,24132,1910,497,3620,207,62
North America,US,Utah,2020-06-28,24163,1824,479,3624,208,59
North America,US,Utah,2020-06-29,24192,1740,462,3629,209,56
North America,US,Utah,2020-06-30,24218,1659,445,3633,211,54
North America,US,Utah,2020-07-01,24242,1581,428,3636,212,51
North America,US,Utah,2020-07-02,24264,1506,412,3640,213,48
North America,US,Utah,2020-07-03,24284,1435,396,3643,214,46
North America,US,Utah,2020-07-04,24303,1366,381,3645,215,43
North America,US,Utah,2020-07-05,24320,1299,367,3648,216,41
North America,US,Utah,2020-07-06,24336,1236,352,3650,217,39
North America,US,Utah,2020-07-07,24350,1175,338,3653,218,37
North America,US,Utah,2020-07-08,24363,1117,325,3654,219,35
North America,US,Utah,2020-07-09,24375,1061,312,3656,220,33
North America,US,Utah,2020-07-10,24386,1007,300,3658,221,31
North America,US,Utah,2020-07-11,24396,957,288,3659,222,30
North America,US,Utah,2020-07-12,24406,908,276,3661,222,28
North America,US,Utah,2020-07-13,24414,861,265,3662,223,26
North America,US,Utah,2020-07-14,24422,817,254,3663,224,25
North America,US,Utah,2020-07-15,24429,775,243,3664,225,23
North America,US,Utah,2020-07-16,24435,735,233,3665,225,22
North America,US,Utah,2020-07-17,24441,696,224,3666,226,21
North America,US,Utah,2020-07-18,24446,660,214,3667,226,20
North America,US,Utah,2020-07-19,24451,625,205,3668,227,19
North America,US,Utah,2020-07-20,24455,592,197,3668,227,17
North America,US,Utah,2020-07-21,24459,561,188,3669,228,16
North America,US,Utah,2020-07-22,24463,531,180,3669,228,15
North America,US,Utah,2020-07-23,24466,503,173,3670,229,15
North America,US,Utah,2020-07-24,24469,476,165,3670,229,14
North America,US,Utah,2020-07-25,24472,450,158,3671,230,13
North America,US,Utah,2020-07-26,24474,426,151,3671,230,12
North America,US,Utah,2020-07-27,24476,403,145,3671,231,11
North America,US,Utah,2020-07-28,24478,381,139,3672,231,11
North America,US,Utah,2020-07-29,24480,360,133,3672,231,10
North America,US,Utah,2020-07-30,24482,341,127,3672,232,9
North America,US,Utah,2020-07-31,24483,322,121,3672,232,9
North America,US,Utah,2020-08-01,24484,305,116,3673,232,8
North America,US,Utah,2020-08-02,24485,288,111,3673,233,8
North America,US,Utah,2020-08-03,24487,272,106,3673,233,7
North America,US,Utah,2020-08-04,24488,257,102,3673,233,7
North America,US,Utah,2020-08-05,24488,243,97,3673,233,6
North America,US,Utah,2020-08-06,24489,230,93,3673,234,6
North America,US,Utah,2020-08-07,24490,217,89,3673,234,6
North America,US,Utah,2020-08-08,24491,205,85,3674,234,5
North America,US,Utah,2020-08-09,24491,194,81,3674,234,5
North America,US,Utah,2020-08-10,24492,184,77,3674,234,5
North America,US,Utah,2020-08-11,24492,173,74,3674,235,4
North America,US,Utah,2020-08-12,24493,164,71,3674,235,4
North America,US,Utah,2020-08-13,24493,155,68,3674,235,4
North America,US,Utah,2020-08-14,24493,146,65,3674,235,4
North America,US,Utah,2020-08-15,24494,138,62,3674,235,3
North America,US,Utah,2020-08-16,24494,131,59,3674,235,3
North America,US,Utah,2020-08-17,24494,124,56,3674,236,3
North America,US,Utah,2020-08-18,24494,117,54,3674,236,3
North America,US,Utah,2020-08-19,24495,110,51,3674,236,3
North America,US,Utah,2020-08-20,24495,104,49,3674,236,2
North America,US,Utah,2020-08-21,24495,99,47,3674,236,2
North America,US,Utah,2020-08-22,24495,93,45,3674,236,2
North America,US,Utah,2020-08-23,24495,88,43,3674,236,2
North America,US,Utah,2020-08-24,24495,83,41,3674,236,2
North America,US,Utah,2020-08-25,24495,79,39,3674,236,2
North America,US,Utah,2020-08-26,24495,74,37,3674,236,2
North America,US,Utah,2020-08-27,24495,70,36,3674,237,2
North America,US,Utah,2020-08-28,24496,66,34,3674,237,1
North America,US,Utah,2020-08-29,24496,63,33,3674,237,1
North America,US,Utah,2020-08-30,24496,59,31,3674,237,1
North America,US,Utah,2020-08-31,24496,56,30,3674,237,1
North America,US,Utah,2020-09-01,24496,53,28,3674,237,1
North America,US,Vermont,2020-03-25,125,77,12,12,8,3
North America,US,Vermont,2020-03-26,129,75,11,12,10,3
North America,US,Vermont,2020-03-27,136,75,12,13,11,3
North America,US,Vermont,2020-03-28,144,78,12,14,12,3
North America,US,Vermont,2020-03-29,154,82,13,16,13,3
North America,US,Vermont,2020-03-30,166,88,14,18,13,3
North America,US,Vermont,2020-03-31,179,95,15,20,14,3
North America,US,Vermont,2020-04-01,195,103,17,22,15,4
North America,US,Vermont,2020-04-02,212,112,18,25,16,4
North America,US,Vermont,2020-04-03,231,123,20,27,17,5
North America,US,Vermont,2020-04-04,251,134,22,30,17,5
North America,US,Vermont,2020-04-05,273,146,24,34,18,5
North America,US,Vermont,2020-04-06,297,159,27,37,19,6
North America,US,Vermont,2020-04-07,322,172,29,41,21,6
North America,US,Vermont,2020-04-08,348,185,31,45,22,7
North America,US,Vermont,2020-04-09,375,199,34,49,23,7
North America,US,Vermont,2020-04-10,404,213,36,53,24,8
North America,US,Vermont,2020-04-11,433,227,39,58,25,8
North America,US,Vermont,2020-04-12,462,240,41,62,27,9
North America,US,Vermont,2020-04-13,493,253,43,67,28,9
North America,US,Vermont,2020-04-14,523,265,46,71,29,10
North America,US,Vermont,2020-04-15,554,277,48,76,31,10
North America,US,Vermont,2020-04-16,584,288,50,80,32,10
North America,US,Vermont,2020-04-17,615,298,52,85,33,11
North America,US,Vermont,2020-04-18,645,307,54,89,35,11
North America,US,Vermont,2020-04-19,674,316,56,94,36,11
North America,US,Vermont,2020-04-20,703,323,57,98,37,12
North America,US,Vermont,2020-04-21,732,329,59,103,38,12
North America,US,Vermont,2020-04-22,759,334,60,107,39,12
North America,US,Vermont,2020-04-23,786,338,61,111,40,12
North America,US,Vermont,2020-04-24,812,341,62,115,41,12
North America,US,Vermont,2020-04-25,837,343,63,118,43,12
North America,US,Vermont,2020-04-26,862,344,63,122,43,12
North America,US,Vermont,2020-04-27,885,344,64,126,44,12
North America,US,Vermont,2020-04-28,907,343,64,129,45,12
North America,US,Vermont,2020-04-29,928,341,64,132,46,12
North America,US,Vermont,2020-04-30,948,338,64,135,47,12
North America,US,Vermont,2020-05-01,967,335,64,138,48,12
North America,US,Vermont,2020-05-02,985,331,64,141,48,12
North America,US,Vermont,2020-05-03,1002,326,63,143,49,12
North America,US,Vermont,2020-05-04,1018,321,62,145,49,11
North America,US,Vermont,2020-05-05,1033,315,62,148,50,11
North America,US,Vermont,2020-05-06,1047,308,61,150,51,11
North America,US,Vermont,2020-05-07,1060,301,60,152,51,11
North America,US,Vermont,2020-05-08,1073,294,59,154,51,10
North America,US,Vermont,2020-05-09,1084,286,58,155,52,10
North America,US,Vermont,2020-05-10,1095,278,57,157,52,10
North America,US,Vermont,2020-05-11,1105,270,56,159,53,9
North America,US,Vermont,2020-05-12,1114,262,55,160,53,9
North America,US,Vermont,2020-05-13,1123,254,53,161,53,9
North America,US,Vermont,2020-05-14,1131,246,52,162,53,9
North America,US,Vermont,2020-05-15,1138,237,51,163,54,8
North America,US,Vermont,2020-05-16,1145,229,49,165,54,8
North America,US,Vermont,2020-05-17,1151,220,48,165,54,8
North America,US,Vermont,2020-05-18,1157,212,47,166,54,7
North America,US,Vermont,2020-05-19,1162,204,45,167,54,7
North America,US,Vermont,2020-05-20,1167,196,44,168,55,7
North America,US,Vermont,2020-05-21,1171,188,43,168,55,6
North America,US,Vermont,2020-05-22,1175,180,41,169,55,6
North America,US,Vermont,2020-05-23,1179,172,40,170,55,6
North America,US,Vermont,2020-05-24,1182,165,39,170,55,6
North America,US,Vermont,2020-05-25,1185,157,37,171,55,5
North America,US,Vermont,2020-05-26,1188,150,36,171,55,5
North America,US,Vermont,2020-05-27,1191,143,35,171,55,5
North America,US,Vermont,2020-05-28,1193,137,34,172,55,5
North America,US,Vermont,2020-05-29,1195,130,32,172,56,4
North America,US,Vermont,2020-05-30,1197,124,31,172,56,4
North America,US,Vermont,2020-05-31,1199,118,30,173,56,4
North America,US,Vermont,2020-06-01,1200,112,29,173,56,4
North America,US,Vermont,2020-06-02,1202,107,28,173,56,3
North America,US,Vermont,2020-06-03,1203,101,27,173,56,3
North America,US,Vermont,2020-06-04,1204,96,26,173,56,3
North America,US,Vermont,2020-06-05,1205,91,25,174,56,3
North America,US,Vermont,2020-06-06,1206,87,24,174,56,3
North America,US,Vermont,2020-06-07,1207,82,23,174,56,3
North America,US,Vermont,2020-06-08,1208,78,22,174,56,2
North America,US,Vermont,2020-06-09,1208,74,21,174,56,2
North America,US,Vermont,2020-06-10,1209,70,20,174,56,2
North America,US,Vermont,2020-06-11,1210,66,19,174,56,2
North America,US,Vermont,2020-06-12,1210,63,18,174,56,2
North America,US,Vermont,2020-06-13,1211,59,18,174,56,2
North America,US,Vermont,2020-06-14,1211,56,17,174,56,2
North America,US,Vermont,2020-06-15,1211,53,16,174,56,2
North America,US,Vermont,2020-06-16,1212,50,16,175,56,2
North America,US,Vermont,2020-06-17,1212,47,15,175,56,1
North America,US,Vermont,2020-06-18,1212,45,14,175,56,1
North America,US,Vermont,2020-06-19,1212,42,14,175,56,1
North America,US,Vermont,2020-06-20,1213,40,13,175,56,1
North America,US,Vermont,2020-06-21,1213,38,12,175,56,1
North America,US,Vermont,2020-06-22,1213,36,12,175,56,1
North America,US,Vermont,2020-06-23,1213,34,11,175,56,1
North America,US,Vermont,2020-06-24,1213,32,11,175,56,1
North America,US,Vermont,2020-06-25,1213,30,10,175,56,1
North America,US,Vermont,2020-06-26,1213,28,10,175,56,1
North America,US,Vermont,2020-06-27,1213,27,10,175,56,1
North America,US,Vermont,2020-06-28,1214,25,9,175,56,1
North America,US,Vermont,2020-06-29,1214,24,9,175,56,1
North America,US,Vermont,2020-06-30,1214,22,8,175,56,1
North America,US,Vermont,2020-07-01,1214,21,8,175,56,1
North America,US,Vermont,2020-07-02,1214,20,8,175,56,1
North America,US,Vermont,2020-07-03,1214,19,7,175,56,1
North America,US,Vermont,2020-07-04,1214,18,7,175,56,0
North America,US,Vermont,2020-07-05,1214,17,7,175,56,0
North America,US,Vermont,2020-07-06,1214,16,6,175,56,0
North America,US,Vermont,2020-07-07,1214,15,6,175,56,0
North America,US,Vermont,2020-07-08,1214,14,6,175,56,0
North America,US,Vermont,2020-07-09,1214,13,6,175,56,0
North America,US,Vermont,2020-07-10,1214,13,5,175,56,0
North America,US,Vermont,2020-07-11,1214,12,5,175,56,0
North America,US,Vermont,2020-07-12,1214,11,5,175,56,0
North America,US,Vermont,2020-07-13,1214,11,5,175,56,0
North America,US,Vermont,2020-07-14,1214,10,4,175,56,0
North America,US,Vermont,2020-07-15,1214,9,4,175,56,0
North America,US,Vermont,2020-07-16,1214,9,4,175,56,0
North America,US,Vermont,2020-07-17,1214,8,4,175,56,0
North America,US,Vermont,2020-07-18,1214,8,4,175,56,0
North America,US,Vermont,2020-07-19,1214,7,4,175,56,0
North America,US,Vermont,2020-07-20,1214,7,3,175,56,0
North America,US,Vermont,2020-07-21,1214,7,3,175,56,0
North America,US,Vermont,2020-07-22,1214,6,3,175,56,0
North America,US,Vermont,2020-07-23,1214,6,3,175,56,0
North America,US,Vermont,2020-07-24,1214,6,3,175,56,0
North America,US,Vermont,2020-07-25,1214,5,3,175,56,0
North America,US,Vermont,2020-07-26,1214,5,3,175,56,0
North America,US,Vermont,2020-07-27,1214,5,2,175,56,0
North America,US,Vermont,2020-07-28,1214,4,2,175,56,0
North America,US,Vermont,2020-07-29,1214,4,2,175,56,0
North America,US,Vermont,2020-07-30,1214,4,2,175,56,0
North America,US,Vermont,2020-07-31,1214,4,2,175,56,0
North America,US,Vermont,2020-08-01,1214,4,2,175,56,0
North America,US,Vermont,2020-08-02,1214,3,2,175,56,0
North America,US,Vermont,2020-08-03,1214,3,2,175,56,0
North America,US,Vermont,2020-08-04,1214,3,2,175,56,0
North America,US,Vermont,2020-08-05,1214,3,2,175,56,0
North America,US,Vermont,2020-08-06,1214,3,2,175,56,0
North America,US,Vermont,2020-08-07,1214,3,1,175,56,0
North America,US,Vermont,2020-08-08,1214,2,1,175,56,0
North America,US,Vermont,2020-08-09,1214,2,1,175,56,0
North America,US,Vermont,2020-08-10,1214,2,1,175,56,0
North America,US,Vermont,2020-08-11,1214,2,1,175,56,0
North America,US,Vermont,2020-08-12,1214,2,1,175,56,0
North America,US,Vermont,2020-08-13,1214,2,1,175,56,0
North America,US,Vermont,2020-08-14,1214,2,1,175,56,0
North America,US,Vermont,2020-08-15,1214,2,1,175,56,0
North America,US,Vermont,2020-08-16,1214,2,1,175,56,0
North America,US,Vermont,2020-08-17,1214,1,1,175,56,0
North America,US,Vermont,2020-08-18,1214,1,1,175,56,0
North America,US,Vermont,2020-08-19,1214,1,1,175,56,0
North America,US,Vermont,2020-08-20,1214,1,1,175,56,0
North America,US,Vermont,2020-08-21,1214,1,1,175,56,0
North America,US,Vermont,2020-08-22,1214,1,1,175,56,0
North America,US,Vermont,2020-08-23,1214,1,1,175,56,0
North America,US,Vermont,2020-08-24,1214,1,1,175,56,0
North America,US,Vermont,2020-08-25,1214,1,1,175,56,0
North America,US,Vermont,2020-08-26,1214,1,1,175,56,0
North America,US,Vermont,2020-08-27,1214,1,1,175,56,0
North America,US,Vermont,2020-08-28,1214,1,1,175,56,0
North America,US,Vermont,2020-08-29,1214,1,1,175,56,0
North America,US,Vermont,2020-08-30,1214,1,1,175,56,0
North America,US,Vermont,2020-08-31,1214,1,0,175,56,0
North America,US,Vermont,2020-09-01,1214,1,0,175,56,0
North America,US,Virginia,2020-03-19,103,91,14,14,2,3
North America,US,Virginia,2020-03-20,198,178,27,28,2,7
North America,US,Virginia,2020-03-21,294,259,40,42,3,10
North America,US,Virginia,2020-03-22,399,345,53,58,3,13
North America,US,Virginia,2020-03-23,520,440,69,76,4,16
North America,US,Virginia,2020-03-24,661,549,86,97,4,20
North America,US,Virginia,2020-03-25,826,674,107,122,5,25
North America,US,Virginia,2020-03-26,1018,818,130,151,7,30
North America,US,Virginia,2020-03-27,1242,983,157,184,8,36
North America,US,Virginia,2020-03-28,1500,1171,188,223,10,43
North America,US,Virginia,2020-03-29,1796,1384,223,268,12,51
North America,US,Virginia,2020-03-30,2133,1624,262,318,14,60
North America,US,Virginia,2020-03-31,2517,1893,306,376,17,70
North America,US,Virginia,2020-04-01,2948,2192,356,440,21,81
North America,US,Virginia,2020-04-02,3429,2520,410,513,25,93
North America,US,Virginia,2020-04-03,3964,2879,470,593,29,106
North America,US,Virginia,2020-04-04,4556,3271,536,682,34,121
North America,US,Virginia,2020-04-05,5207,3696,607,779,40,136
North America,US,Virginia,2020-04-06,5915,4150,683,885,47,153
North America,US,Virginia,2020-04-07,6682,4631,765,1000,54,171
North America,US,Virginia,2020-04-08,7510,5142,851,1125,62,189
North America,US,Virginia,2020-04-09,8401,5681,943,1258,71,209
North America,US,Virginia,2020-04-10,9350,6244,1040,1401,81,230
North America,US,Virginia,2020-04-11,10355,6824,1140,1551,92,251
North America,US,Virginia,2020-04-12,11414,7421,1244,1710,104,273
North America,US,Virginia,2020-04-13,12529,8034,1351,1878,118,295
North America,US,Virginia,2020-04-14,13696,8660,1461,2053,132,318
North America,US,Virginia,2020-04-15,14910,9292,1573,2235,147,341
North America,US,Virginia,2020-04-16,16164,9923,1685,2423,164,363
North America,US,Virginia,2020-04-17,17455,10550,1798,2617,181,386
North America,US,Virginia,2020-04-18,18783,11174,1912,2816,200,409
North America,US,Virginia,2020-04-19,20144,11791,2025,3020,220,431
North America,US,Virginia,2020-04-20,21530,12393,2136,3228,241,453
North America,US,Virginia,2020-04-21,22934,12976,2245,3438,263,473
North America,US,Virginia,2020-04-22,24352,13535,2351,3651,286,493
North America,US,Virginia,2020-04-23,25779,14068,2454,3865,310,512
North America,US,Virginia,2020-04-24,27215,14576,2553,4080,335,530
North America,US,Virginia,2020-04-25,28652,15055,2649,4296,361,547
North America,US,Virginia,2020-04-26,30086,15501,2739,4511,388,563
North America,US,Virginia,2020-04-27,31510,15909,2824,4725,416,577
North America,US,Virginia,2020-04-28,32921,16280,2903,4936,445,590
North America,US,Virginia,2020-04-29,34315,16611,2976,5145,474,602
North America,US,Virginia,2020-04-30,35690,16903,3042,5352,504,611
North America,US,Virginia,2020-05-01,37041,17154,3103,5554,535,620
North America,US,Virginia,2020-05-02,38365,17363,3156,5753,566,627
North America,US,Virginia,2020-05-03,39659,17531,3203,5947,598,632
North America,US,Virginia,2020-05-04,40924,17660,3243,6137,630,636
North America,US,Virginia,2020-05-05,42156,17751,3277,6322,662,639
North America,US,Virginia,2020-05-06,43354,17803,3304,6501,695,640
North America,US,Virginia,2020-05-07,44513,17815,3325,6675,728,639
North America,US,Virginia,2020-05-08,45630,17786,3338,6843,761,637
North America,US,Virginia,2020-05-09,46705,17717,3344,7004,794,634
North America,US,Virginia,2020-05-10,47741,17616,3345,7159,827,630
North America,US,Virginia,2020-05-11,48739,17484,3340,7309,860,624
North America,US,Virginia,2020-05-12,49698,17324,3329,7453,893,617
North America,US,Virginia,2020-05-13,50615,17136,3313,7591,925,610
North America,US,Virginia,2020-05-14,51488,16915,3291,7721,958,601
North America,US,Virginia,2020-05-15,52319,16667,3264,7846,990,591
North America,US,Virginia,2020-05-16,53110,16397,3232,7965,1022,581
North America,US,Virginia,2020-05-17,53864,16109,3196,8078,1053,570
North America,US,Virginia,2020-05-18,54582,15804,3157,8185,1084,558
North America,US,Virginia,2020-05-19,55261,15481,3113,8287,1114,546
North America,US,Virginia,2020-05-20,55901,15140,3066,8383,1144,533
North America,US,Virginia,2020-05-21,56503,14785,3016,8474,1174,519
North America,US,Virginia,2020-05-22,57072,14419,2962,8559,1203,505
North America,US,Virginia,2020-05-23,57609,14047,2907,8640,1231,491
North America,US,Virginia,2020-05-24,58116,13669,2850,8716,1259,477
North America,US,Virginia,2020-05-25,58592,13285,2791,8787,1286,463
North America,US,Virginia,2020-05-26,59036,12894,2729,8854,1313,448
North America,US,Virginia,2020-05-27,59450,12498,2666,8916,1339,434
North America,US,Virginia,2020-05-28,59838,12102,2603,8974,1364,419
North America,US,Virginia,2020-05-29,60201,11708,2538,9028,1389,405
North America,US,Virginia,2020-05-30,60542,11316,2473,9079,1413,390
North America,US,Virginia,2020-05-31,60859,10927,2408,9127,1436,376
North America,US,Virginia,2020-06-01,61154,10539,2342,9171,1458,362
North America,US,Virginia,2020-06-02,61426,10154,2276,9212,1480,348
North America,US,Virginia,2020-06-03,61679,9775,2210,9250,1502,334
North America,US,Virginia,2020-06-04,61914,9402,2144,9285,1522,320
North America,US,Virginia,2020-06-05,62133,9037,2079,9318,1542,307
North America,US,Virginia,2020-06-06,62336,8680,2015,9349,1561,294
North America,US,Virginia,2020-06-07,62523,8329,1951,9377,1580,281
North America,US,Virginia,2020-06-08,62695,7986,1888,9402,1598,269
North America,US,Virginia,2020-06-09,62853,7651,1826,9426,1615,257
North America,US,Virginia,2020-06-10,63000,7325,1765,9448,1632,245
North America,US,Virginia,2020-06-11,63135,7009,1705,9469,1648,234
North America,US,Virginia,2020-06-12,63260,6703,1646,9487,1664,223
North America,US,Virginia,2020-06-13,63375,6406,1588,9504,1679,213
North America,US,Virginia,2020-06-14,63480,6117,1532,9520,1693,202
North America,US,Virginia,2020-06-15,63576,5838,1476,9535,1707,192
North America,US,Virginia,2020-06-16,63664,5568,1422,9548,1720,183
North America,US,Virginia,2020-06-17,63745,5309,1370,9560,1733,174
North America,US,Virginia,2020-06-18,63820,5059,1319,9571,1746,165
North America,US,Virginia,2020-06-19,63888,4819,1269,9581,1757,157
North America,US,Virginia,2020-06-20,63950,4587,1221,9591,1769,149
North America,US,Virginia,2020-06-21,64006,4364,1174,9599,1780,141
North America,US,Virginia,2020-06-22,64058,4151,1128,9607,1790,133
North America,US,Virginia,2020-06-23,64105,3946,1084,9614,1800,126
North America,US,Virginia,2020-06-24,64148,3750,1041,9620,1810,120
North America,US,Virginia,2020-06-25,64187,3563,1000,9626,1819,113
North America,US,Virginia,2020-06-26,64223,3383,960,9632,1827,107
North America,US,Virginia,2020-06-27,64255,3211,921,9636,1836,101
North America,US,Virginia,2020-06-28,64284,3047,884,9641,1844,95
North America,US,Virginia,2020-06-29,64311,2890,848,9645,1852,90
North America,US,Virginia,2020-06-30,64335,2741,813,9648,1859,85
North America,US,Virginia,2020-07-01,64357,2599,779,9652,1866,80
North America,US,Virginia,2020-07-02,64377,2463,747,9655,1873,76
North America,US,Virginia,2020-07-03,64395,2334,716,9657,1879,71
North America,US,Virginia,2020-07-04,64411,2210,686,9660,1885,67
North America,US,Virginia,2020-07-05,64426,2093,657,9662,1891,63
North America,US,Virginia,2020-07-06,64440,1982,629,9664,1897,60
North America,US,Virginia,2020-07-07,64452,1877,602,9666,1902,56
North America,US,Virginia,2020-07-08,64463,1776,577,9668,1907,53
North America,US,Virginia,2020-07-09,64472,1681,552,9669,1912,50
North America,US,Virginia,2020-07-10,64481,1590,528,9670,1917,47
North America,US,Virginia,2020-07-11,64489,1504,506,9672,1921,44
North America,US,Virginia,2020-07-12,64496,1423,484,9673,1925,41
North America,US,Virginia,2020-07-13,64503,1346,463,9674,1929,39
North America,US,Virginia,2020-07-14,64509,1272,443,9674,1933,37
North America,US,Virginia,2020-07-15,64514,1203,424,9675,1937,34
North America,US,Virginia,2020-07-16,64519,1137,405,9676,1940,32
North America,US,Virginia,2020-07-17,64523,1075,387,9677,1944,30
North America,US,Virginia,2020-07-18,64527,1016,370,9677,1947,28
North America,US,Virginia,2020-07-19,64530,960,354,9678,1950,27
North America,US,Virginia,2020-07-20,64533,908,339,9678,1953,25
North America,US,Virginia,2020-07-21,64536,858,324,9679,1955,24
North America,US,Virginia,2020-07-22,64538,811,309,9679,1958,22
North America,US,Virginia,2020-07-23,64540,766,296,9679,1960,21
North America,US,Virginia,2020-07-24,64542,724,283,9680,1963,19
North America,US,Virginia,2020-07-25,64544,684,270,9680,1965,18
North America,US,Virginia,2020-07-26,64546,646,258,9680,1967,17
North America,US,Virginia,2020-07-27,64547,610,247,9680,1969,16
North America,US,Virginia,2020-07-28,64548,577,236,9680,1971,15
North America,US,Virginia,2020-07-29,64549,545,225,9681,1973,14
North America,US,Virginia,2020-07-30,64550,515,215,9681,1975,13
North America,US,Virginia,2020-07-31,64551,486,205,9681,1977,12
North America,US,Virginia,2020-08-01,64552,460,196,9681,1978,12
North America,US,Virginia,2020-08-02,64553,434,188,9681,1980,11
North America,US,Virginia,2020-08-03,64554,410,179,9681,1981,10
North America,US,Virginia,2020-08-04,64554,388,171,9681,1982,10
North America,US,Virginia,2020-08-05,64555,366,163,9681,1984,9
North America,US,Virginia,2020-08-06,64555,346,156,9681,1985,8
North America,US,Virginia,2020-08-07,64555,327,149,9682,1986,8
North America,US,Virginia,2020-08-08,64556,309,142,9682,1987,7
North America,US,Virginia,2020-08-09,64556,292,136,9682,1988,7
North America,US,Virginia,2020-08-10,64556,276,130,9682,1989,6
North America,US,Virginia,2020-08-11,64557,261,124,9682,1990,6
North America,US,Virginia,2020-08-12,64557,247,118,9682,1991,6
North America,US,Virginia,2020-08-13,64557,233,113,9682,1992,5
North America,US,Virginia,2020-08-14,64557,221,108,9682,1993,5
North America,US,Virginia,2020-08-15,64557,209,103,9682,1994,5
North America,US,Virginia,2020-08-16,64558,197,99,9682,1995,4
North America,US,Virginia,2020-08-17,64558,187,94,9682,1995,4
North America,US,Virginia,2020-08-18,64558,176,90,9682,1996,4
North America,US,Virginia,2020-08-19,64558,167,86,9682,1997,4
North America,US,Virginia,2020-08-20,64558,158,82,9682,1997,3
North America,US,Virginia,2020-08-21,64558,149,78,9682,1998,3
North America,US,Virginia,2020-08-22,64558,141,75,9682,1999,3
North America,US,Virginia,2020-08-23,64558,134,71,9682,1999,3
North America,US,Virginia,2020-08-24,64558,126,68,9682,2000,3
North America,US,Virginia,2020-08-25,64558,120,65,9682,2000,2
North America,US,Virginia,2020-08-26,64558,113,62,9682,2001,2
North America,US,Virginia,2020-08-27,64558,107,59,9682,2001,2
North America,US,Virginia,2020-08-28,64558,101,57,9682,2001,2
North America,US,Virginia,2020-08-29,64558,96,54,9682,2002,2
North America,US,Virginia,2020-08-30,64558,91,52,9682,2002,2
North America,US,Virginia,2020-08-31,64558,86,49,9682,2003,2
North America,US,Virginia,2020-09-01,64558,82,47,9682,2003,2
North America,US,Washington,2020-03-07,102,6,1,1,16,0
North America,US,Washington,2020-03-08,108,11,2,2,16,0
North America,US,Washington,2020-03-09,114,17,3,3,16,1
North America,US,Washington,2020-03-10,122,23,4,4,16,1
North America,US,Washington,2020-03-11,132,31,5,5,17,1
North America,US,Washington,2020-03-12,144,40,6,7,17,1
North America,US,Washington,2020-03-13,159,52,8,9,17,2
North America,US,Washington,2020-03-14,177,66,10,12,18,2
North America,US,Washington,2020-03-15,200,84,13,16,18,3
North America,US,Washington,2020-03-16,228,106,17,20,19,4
North America,US,Washington,2020-03-17,263,132,21,25,20,5
North America,US,Washington,2020-03-18,305,163,26,31,21,6
North America,US,Washington,2020-03-19,355,201,32,39,22,7
North America,US,Washington,2020-03-20,415,245,39,48,24,9
North America,US,Washington,2020-03-21,485,297,48,58,26,11
North America,US,Washington,2020-03-22,568,358,58,71,28,13
North America,US,Washington,2020-03-23,666,428,69,85,31,16
North America,US,Washington,2020-03-24,779,509,82,102,34,19
North America,US,Washington,2020-03-25,908,600,97,122,38,22
North America,US,Washington,2020-03-26,1056,703,114,144,42,26
North America,US,Washington,2020-03-27,1225,820,133,169,47,30
North America,US,Washington,2020-03-28,1415,949,154,198,52,35
North America,US,Washington,2020-03-29,1627,1091,178,230,58,40
North America,US,Washington,2020-03-30,1864,1248,204,265,65,46
North America,US,Washington,2020-03-31,2127,1419,233,305,73,52
North America,US,Washington,2020-04-01,2416,1605,264,348,82,59
North America,US,Washington,2020-04-02,2732,1804,297,395,92,66
North America,US,Washington,2020-04-03,3075,2017,333,447,102,74
North America,US,Washington,2020-04-04,3448,2244,371,503,114,83
North America,US,Washington,2020-04-05,3850,2484,412,563,126,91
North America,US,Washington,2020-04-06,4279,2736,455,627,140,101
North America,US,Washington,2020-04-07,4737,2998,500,696,154,110
North America,US,Washington,2020-04-08,5222,3270,547,769,170,120
North America,US,Washington,2020-04-09,5736,3552,597,846,186,130
North America,US,Washington,2020-04-10,6277,3842,647,927,204,141
North America,US,Washington,2020-04-11,6843,4138,699,1012,223,152
North America,US,Washington,2020-04-12,7432,4436,752,1100,242,163
North America,US,Washington,2020-04-13,8044,4737,806,1192,263,173
North America,US,Washington,2020-04-14,8679,5041,860,1287,284,184
North America,US,Washington,2020-04-15,9334,5346,915,1386,307,195
North America,US,Washington,2020-04-16,10007,5647,970,1487,330,206
North America,US,Washington,2020-04-17,10695,5944,1025,1590,353,217
North America,US,Washington,2020-04-18,11396,6234,1079,1695,378,227
North America,US,Washington,2020-04-19,12110,6518,1133,1802,403,238
North America,US,Washington,2020-04-20,12835,6796,1185,1911,429,248
North America,US,Washington,2020-04-21,13569,7063,1237,2021,455,257
North America,US,Washington,2020-04-22,14307,7319,1287,2132,481,266
North America,US,Washington,2020-04-23,15048,7560,1335,2243,508,275
North America,US,Washington,2020-04-24,15790,7787,1380,2354,535,283
North America,US,Washington,2020-04-25,16533,8000,1424,2465,562,290
North America,US,Washington,2020-04-26,17274,8199,1466,2577,590,297
North America,US,Washington,2020-04-27,18011,8382,1505,2687,617,303
North America,US,Washington,2020-04-28,18742,8547,1542,2797,644,309
North America,US,Washington,2020-04-29,19465,8694,1575,2905,671,314
North America,US,Washington,2020-04-30,20178,8823,1606,3012,698,318
North America,US,Washington,2020-05-01,20880,8933,1634,3118,725,322
North America,US,Washington,2020-05-02,21571,9025,1659,3221,751,325
North America,US,Washington,2020-05-03,22248,9099,1681,3323,778,327
North America,US,Washington,2020-05-04,22910,9153,1699,3422,803,329
North America,US,Washington,2020-05-05,23556,9189,1715,3519,828,330
North America,US,Washington,2020-05-06,24187,9209,1727,3614,853,330
North America,US,Washington,2020-05-07,24802,9213,1737,3706,877,330
North America,US,Washington,2020-05-08,25401,9202,1744,3796,901,329
North America,US,Washington,2020-05-09,25982,9175,1748,3883,924,328
North America,US,Washington,2020-05-10,26544,9131,1750,3967,946,326
North America,US,Washington,2020-05-11,27083,9069,1748,4048,968,323
North America,US,Washington,2020-05-12,27602,8991,1743,4126,989,320
North America,US,Washington,2020-05-13,28102,8900,1735,4201,1009,316
North America,US,Washington,2020-05-14,28584,8798,1725,4273,1029,312
North America,US,Washington,2020-05-15,29047,8686,1714,4343,1048,308
North America,US,Washington,2020-05-16,29491,8562,1700,4409,1066,303
North America,US,Washington,2020-05-17,29914,8426,1683,4473,1084,297
North America,US,Washington,2020-05-18,30318,8281,1665,4533,1101,292
North America,US,Washington,2020-05-19,30704,8128,1645,4591,1117,286
North America,US,Washington,2020-05-20,31073,7968,1623,4647,1132,280
North America,US,Washington,2020-05-21,31423,7802,1599,4699,1147,274
North America,US,Washington,2020-05-22,31756,7629,1575,4749,1161,267
North America,US,Washington,2020-05-23,32071,7450,1548,4796,1175,260
North America,US,Washington,2020-05-24,32369,7267,1521,4841,1188,254
North America,US,Washington,2020-05-25,32652,7081,1492,4883,1200,247
North America,US,Washington,2020-05-26,32921,6894,1463,4924,1211,240
North America,US,Washington,2020-05-27,33174,6704,1433,4962,1222,233
North America,US,Washington,2020-05-28,33413,6512,1403,4998,1233,225
North America,US,Washington,2020-05-29,33636,6317,1371,5031,1243,218
North America,US,Washington,2020-05-30,33846,6122,1339,5063,1252,211
North America,US,Washington,2020-05-31,34044,5929,1307,5092,1261,204
North America,US,Washington,2020-06-01,34231,5737,1274,5120,1269,197
North America,US,Washington,2020-06-02,34407,5547,1242,5147,1277,190
North America,US,Washington,2020-06-03,34571,5358,1209,5171,1284,183
North America,US,Washington,2020-06-04,34724,5170,1176,5194,1291,176
North America,US,Washington,2020-06-05,34866,4983,1143,5216,1297,169
North America,US,Washington,2020-06-06,34999,4800,1110,5236,1304,163
North America,US,Washington,2020-06-07,35124,4621,1078,5254,1309,156
North America,US,Washington,2020-06-08,35241,4445,1046,5272,1315,150
North America,US,Washington,2020-06-09,35350,4273,1014,5288,1320,144
North America,US,Washington,2020-06-10,35450,4104,983,5303,1324,138
North America,US,Washington,2020-06-11,35544,3939,952,5317,1329,132
North America,US,Washington,2020-06-12,35630,3778,921,5330,1333,126
North America,US,Washington,2020-06-13,35711,3621,891,5342,1336,120
North America,US,Washington,2020-06-14,35786,3469,861,5354,1340,115
North America,US,Washington,2020-06-15,35856,3321,832,5364,1343,110
North America,US,Washington,2020-06-16,35920,3177,804,5374,1346,105
North America,US,Washington,2020-06-17,35979,3038,776,5382,1349,100
North America,US,Washington,2020-06-18,36034,2903,749,5391,1352,95
North America,US,Washington,2020-06-19,36084,2772,722,5398,1354,90
North America,US,Washington,2020-06-20,36131,2647,696,5405,1356,86
North America,US,Washington,2020-06-21,36174,2525,671,5412,1359,82
North America,US,Washington,2020-06-22,36214,2408,646,5418,1360,78
North America,US,Washington,2020-06-23,36250,2295,622,5423,1362,74
North America,US,Washington,2020-06-24,36284,2187,599,5428,1364,70
North America,US,Washington,2020-06-25,36315,2083,576,5433,1365,66
North America,US,Washington,2020-06-26,36343,1982,554,5437,1367,63
North America,US,Washington,2020-06-27,36369,1886,533,5441,1368,60
North America,US,Washington,2020-06-28,36393,1794,512,5445,1369,57
North America,US,Washington,2020-06-29,36415,1706,492,5448,1370,54
North America,US,Washington,2020-06-30,36435,1621,473,5451,1371,51
North America,US,Washington,2020-07-01,36454,1540,454,5454,1372,48
North America,US,Washington,2020-07-02,36470,1463,436,5456,1373,45
North America,US,Washington,2020-07-03,36486,1389,418,5458,1374,43
North America,US,Washington,2020-07-04,36500,1318,401,5461,1375,40
North America,US,Washington,2020-07-05,36513,1251,385,5463,1375,38
North America,US,Washington,2020-07-06,36524,1186,369,5464,1376,36
North America,US,Washington,2020-07-07,36535,1125,354,5466,1377,34
North America,US,Washington,2020-07-08,36545,1067,340,5467,1377,32
North America,US,Washington,2020-07-09,36554,1011,325,5469,1378,30
North America,US,Washington,2020-07-10,36562,958,312,5470,1378,29
North America,US,Washington,2020-07-11,36569,908,299,5471,1378,27
North America,US,Washington,2020-07-12,36576,860,286,5472,1379,25
North America,US,Washington,2020-07-13,36582,814,274,5473,1379,24
North America,US,Washington,2020-07-14,36587,771,263,5474,1379,22
North America,US,Washington,2020-07-15,36592,729,251,5474,1380,21
North America,US,Washington,2020-07-16,36597,690,241,5475,1380,20
North America,US,Washington,2020-07-17,36601,653,230,5476,1380,19
North America,US,Washington,2020-07-18,36605,618,221,5476,1380,18
North America,US,Washington,2020-07-19,36608,585,211,5477,1380,16
North America,US,Washington,2020-07-20,36611,553,202,5477,1381,15
North America,US,Washington,2020-07-21,36614,523,193,5478,1381,15
North America,US,Washington,2020-07-22,36617,495,185,5478,1381,14
North America,US,Washington,2020-07-23,36619,468,177,5478,1381,13
North America,US,Washington,2020-07-24,36621,442,169,5479,1381,12
North America,US,Washington,2020-07-25,36623,418,162,5479,1381,11
North America,US,Washington,2020-07-26,36624,395,155,5479,1381,11
North America,US,Washington,2020-07-27,36626,373,148,5479,1381,10
North America,US,Washington,2020-07-28,36627,353,141,5480,1382,9
North America,US,Washington,2020-07-29,36629,333,135,5480,1382,9
North America,US,Washington,2020-07-30,36630,315,129,5480,1382,8
North America,US,Washington,2020-07-31,36631,298,124,5480,1382,8
North America,US,Washington,2020-08-01,36632,281,118,5480,1382,7
North America,US,Washington,2020-08-02,36632,266,113,5480,1382,7
North America,US,Washington,2020-08-03,36633,251,108,5481,1382,6
North America,US,Washington,2020-08-04,36634,237,103,5481,1382,6
North America,US,Washington,2020-08-05,36634,224,99,5481,1382,6
North America,US,Washington,2020-08-06,36635,212,94,5481,1382,5
North America,US,Washington,2020-08-07,36635,200,90,5481,1382,5
North America,US,Washington,2020-08-08,36636,189,86,5481,1382,5
North America,US,Washington,2020-08-09,36636,179,82,5481,1382,4
North America,US,Washington,2020-08-10,36636,169,79,5481,1382,4
North America,US,Washington,2020-08-11,36637,160,75,5481,1382,4
North America,US,Washington,2020-08-12,36637,151,72,5481,1382,3
North America,US,Washington,2020-08-13,36637,142,68,5481,1382,3
North America,US,Washington,2020-08-14,36638,135,65,5481,1382,3
North America,US,Washington,2020-08-15,36638,127,62,5481,1382,3
North America,US,Washington,2020-08-16,36638,120,60,5481,1382,3
North America,US,Washington,2020-08-17,36638,114,57,5481,1382,2
North America,US,Washington,2020-08-18,36638,107,54,5481,1382,2
North America,US,Washington,2020-08-19,36638,102,52,5481,1382,2
North America,US,Washington,2020-08-20,36638,96,50,5481,1382,2
North America,US,Washington,2020-08-21,36639,91,47,5481,1382,2
North America,US,Washington,2020-08-22,36639,86,45,5481,1382,2
North America,US,Washington,2020-08-23,36639,81,43,5481,1382,2
North America,US,Washington,2020-08-24,36639,77,41,5481,1382,2
North America,US,Washington,2020-08-25,36639,72,39,5481,1382,1
North America,US,Washington,2020-08-26,36639,69,38,5481,1382,1
North America,US,Washington,2020-08-27,36639,65,36,5481,1382,1
North America,US,Washington,2020-08-28,36639,61,34,5481,1382,1
North America,US,Washington,2020-08-29,36639,58,33,5481,1382,1
North America,US,Washington,2020-08-30,36639,55,31,5481,1382,1
North America,US,Washington,2020-08-31,36639,52,30,5481,1382,1
North America,US,Washington,2020-09-01,36639,49,29,5481,1382,1
North America,US,West Virginia,2020-03-29,113,113,17,17,0,4
North America,US,West Virginia,2020-03-30,117,109,17,18,1,4
North America,US,West Virginia,2020-03-31,120,105,16,18,2,4
North America,US,West Virginia,2020-04-01,125,102,16,19,2,4
North America,US,West Virginia,2020-04-02,129,100,16,19,3,4
North America,US,West Virginia,2020-04-03,135,99,16,20,3,4
North America,US,West Virginia,2020-04-04,142,99,16,21,4,4
North America,US,West Virginia,2020-04-05,150,100,17,22,4,4
North America,US,West Virginia,2020-04-06,159,102,17,24,4,4
North America,US,West Virginia,2020-04-07,170,106,18,25,5,4
North America,US,West Virginia,2020-04-08,182,111,19,27,5,4
North America,US,West Virginia,2020-04-09,196,117,20,29,6,4
North America,US,West Virginia,2020-04-10,213,125,22,32,6,5
North America,US,West Virginia,2020-04-11,231,135,23,35,6,5
North America,US,West Virginia,2020-04-12,252,146,25,38,7,5
North America,US,West Virginia,2020-04-13,275,159,27,41,7,6
North America,US,West Virginia,2020-04-14,300,173,30,45,8,6
North America,US,West Virginia,2020-04-15,328,189,32,49,9,7
North America,US,West Virginia,2020-04-16,359,206,35,54,9,8
North America,US,West Virginia,2020-04-17,393,225,39,59,10,8
North America,US,West Virginia,2020-04-18,429,246,42,64,11,9
North America,US,West Virginia,2020-04-19,469,268,46,70,12,10
North America,US,West Virginia,2020-04-20,511,291,50,77,13,11
North America,US,West Virginia,2020-04-21,557,316,54,84,14,12
North America,US,West Virginia,2020-04-22,605,342,59,91,15,12
North America,US,West Virginia,2020-04-23,656,369,63,98,17,13
North America,US,West Virginia,2020-04-24,710,397,68,106,18,14
North America,US,West Virginia,2020-04-25,766,426,73,115,19,16
North America,US,West Virginia,2020-04-26,825,455,79,124,21,17
North America,US,West Virginia,2020-04-27,887,484,84,133,22,18
North America,US,West Virginia,2020-04-28,950,514,89,143,24,19
North America,US,West Virginia,2020-04-29,1016,544,95,152,26,20
North America,US,West Virginia,2020-04-30,1084,575,100,163,27,21
North America,US,West Virginia,2020-05-01,1154,604,106,173,29,22
North America,US,West Virginia,2020-05-02,1225,634,111,184,31,23
North America,US,West Virginia,2020-05-03,1297,662,116,195,33,24
North America,US,West Virginia,2020-05-04,1371,690,122,206,35,25
North America,US,West Virginia,2020-05-05,1445,718,127,217,36,26
North America,US,West Virginia,2020-05-06,1520,744,132,228,38,27
North America,US,West Virginia,2020-05-07,1596,769,137,239,40,28
North America,US,West Virginia,2020-05-08,1672,793,142,251,42,29
North America,US,West Virginia,2020-05-09,1748,815,146,262,44,30
North America,US,West Virginia,2020-05-10,1824,836,150,274,46,30
North America,US,West Virginia,2020-05-11,1900,855,154,285,48,31
North America,US,West Virginia,2020-05-12,1975,872,158,296,50,32
North America,US,West Virginia,2020-05-13,2050,888,162,307,52,32
North America,US,West Virginia,2020-05-14,2123,902,165,319,54,33
North America,US,West Virginia,2020-05-15,2196,914,168,329,56,33
North America,US,West Virginia,2020-05-16,2268,925,171,340,58,33
North America,US,West Virginia,2020-05-17,2338,933,173,351,60,34
North America,US,West Virginia,2020-05-18,2407,940,175,361,62,34
North America,US,West Virginia,2020-05-19,2474,945,177,371,64,34
North America,US,West Virginia,2020-05-20,2540,948,178,381,66,34
North America,US,West Virginia,2020-05-21,2604,949,180,391,67,34
North America,US,West Virginia,2020-05-22,2667,949,180,400,69,34
North America,US,West Virginia,2020-05-23,2727,947,181,409,71,34
North America,US,West Virginia,2020-05-24,2786,943,181,418,72,34
North America,US,West Virginia,2020-05-25,2843,937,181,426,74,33
North America,US,West Virginia,2020-05-26,2897,931,181,435,75,33
North America,US,West Virginia,2020-05-27,2950,922,180,443,77,33
North America,US,West Virginia,2020-05-28,3001,913,179,450,78,32
North America,US,West Virginia,2020-05-29,3050,902,178,458,79,32
North America,US,West Virginia,2020-05-30,3097,890,177,465,81,31
North America,US,West Virginia,2020-05-31,3142,877,175,471,82,31
North America,US,West Virginia,2020-06-01,3185,863,174,478,83,30
North America,US,West Virginia,2020-06-02,3226,848,172,484,84,30
North America,US,West Virginia,2020-06-03,3265,832,170,490,85,29
North America,US,West Virginia,2020-06-04,3303,816,167,495,86,29
North America,US,West Virginia,2020-06-05,3338,798,165,501,87,28
North America,US,West Virginia,2020-06-06,3372,780,162,506,88,27
North America,US,West Virginia,2020-06-07,3404,762,159,511,89,27
North America,US,West Virginia,2020-06-08,3434,743,157,515,90,26
North America,US,West Virginia,2020-06-09,3463,724,154,519,91,25
North America,US,West Virginia,2020-06-10,3490,705,151,523,91,24
North America,US,West Virginia,2020-06-11,3515,685,147,527,92,24
North America,US,West Virginia,2020-06-12,3539,665,144,531,93,23
North America,US,West Virginia,2020-06-13,3562,645,141,534,93,22
North America,US,West Virginia,2020-06-14,3584,625,138,538,94,22
North America,US,West Virginia,2020-06-15,3604,606,134,541,94,21
North America,US,West Virginia,2020-06-16,3623,586,131,543,95,20
North America,US,West Virginia,2020-06-17,3640,566,128,546,95,19
North America,US,West Virginia,2020-06-18,3657,547,124,549,96,19
North America,US,West Virginia,2020-06-19,3672,528,121,551,96,18
North America,US,West Virginia,2020-06-20,3687,509,117,553,97,17
North America,US,West Virginia,2020-06-21,3700,490,114,555,97,17
North America,US,West Virginia,2020-06-22,3713,472,111,557,97,16
North America,US,West Virginia,2020-06-23,3725,454,107,559,98,15
North America,US,West Virginia,2020-06-24,3736,436,104,560,98,15
North America,US,West Virginia,2020-06-25,3746,419,101,562,98,14
North America,US,West Virginia,2020-06-26,3756,402,98,563,98,13
North America,US,West Virginia,2020-06-27,3764,386,95,565,99,13
North America,US,West Virginia,2020-06-28,3773,370,92,566,99,12
North America,US,West Virginia,2020-06-29,3780,354,88,567,99,12
North America,US,West Virginia,2020-06-30,3787,339,85,568,99,11
North America,US,West Virginia,2020-07-01,3794,324,83,569,99,11
North America,US,West Virginia,2020-07-02,3800,310,80,570,100,10
North America,US,West Virginia,2020-07-03,3805,297,77,571,100,10
North America,US,West Virginia,2020-07-04,3811,283,74,572,100,9
North America,US,West Virginia,2020-07-05,3815,270,72,572,100,9
North America,US,West Virginia,2020-07-06,3820,258,69,573,100,8
North America,US,West Virginia,2020-07-07,3824,246,66,574,100,8
North America,US,West Virginia,2020-07-08,3827,235,64,574,100,8
North America,US,West Virginia,2020-07-09,3831,224,62,575,100,7
North America,US,West Virginia,2020-07-10,3834,213,59,575,101,7
North America,US,West Virginia,2020-07-11,3837,203,57,576,101,6
North America,US,West Virginia,2020-07-12,3840,193,55,576,101,6
North America,US,West Virginia,2020-07-13,3842,183,53,576,101,6
North America,US,West Virginia,2020-07-14,3844,174,51,577,101,5
North America,US,West Virginia,2020-07-15,3846,166,49,577,101,5
North America,US,West Virginia,2020-07-16,3848,158,47,577,101,5
North America,US,West Virginia,2020-07-17,3850,150,45,577,101,5
North America,US,West Virginia,2020-07-18,3851,142,43,578,101,4
North America,US,West Virginia,2020-07-19,3853,135,41,578,101,4
North America,US,West Virginia,2020-07-20,3854,128,40,578,101,4
North America,US,West Virginia,2020-07-21,3855,121,38,578,101,4
North America,US,West Virginia,2020-07-22,3856,115,36,578,101,3
North America,US,West Virginia,2020-07-23,3857,109,35,579,101,3
North America,US,West Virginia,2020-07-24,3858,103,33,579,101,3
North America,US,West Virginia,2020-07-25,3859,98,32,579,101,3
North America,US,West Virginia,2020-07-26,3860,93,31,579,101,3
North America,US,West Virginia,2020-07-27,3861,88,29,579,101,3
North America,US,West Virginia,2020-07-28,3861,83,28,579,101,2
North America,US,West Virginia,2020-07-29,3862,79,27,579,101,2
North America,US,West Virginia,2020-07-30,3862,75,26,579,101,2
North America,US,West Virginia,2020-07-31,3863,71,25,579,101,2
North America,US,West Virginia,2020-08-01,3863,67,24,579,101,2
North America,US,West Virginia,2020-08-02,3864,63,23,580,101,2
North America,US,West Virginia,2020-08-03,3864,60,22,580,101,2
North America,US,West Virginia,2020-08-04,3864,57,21,580,101,2
North America,US,West Virginia,2020-08-05,3865,54,20,580,101,1
North America,US,West Virginia,2020-08-06,3865,51,19,580,101,1
North America,US,West Virginia,2020-08-07,3865,48,18,580,101,1
North America,US,West Virginia,2020-08-08,3865,45,17,580,101,1
North America,US,West Virginia,2020-08-09,3865,43,17,580,101,1
North America,US,West Virginia,2020-08-10,3866,40,16,580,101,1
North America,US,West Virginia,2020-08-11,3866,38,15,580,101,1
North America,US,West Virginia,2020-08-12,3866,36,15,580,101,1
North America,US,West Virginia,2020-08-13,3866,34,14,580,101,1
North America,US,West Virginia,2020-08-14,3866,32,13,580,101,1
North America,US,West Virginia,2020-08-15,3866,31,13,580,101,1
North America,US,West Virginia,2020-08-16,3866,29,12,580,101,1
North America,US,West Virginia,2020-08-17,3866,27,12,580,101,1
North America,US,West Virginia,2020-08-18,3867,26,11,580,101,1
North America,US,West Virginia,2020-08-19,3867,24,11,580,101,1
North America,US,West Virginia,2020-08-20,3867,23,10,580,101,1
North America,US,West Virginia,2020-08-21,3867,22,10,580,101,1
North America,US,West Virginia,2020-08-22,3867,21,9,580,101,0
North America,US,West Virginia,2020-08-23,3867,19,9,580,101,0
North America,US,West Virginia,2020-08-24,3867,18,8,580,101,0
North America,US,West Virginia,2020-08-25,3867,17,8,580,101,0
North America,US,West Virginia,2020-08-26,3867,16,8,580,101,0
North America,US,West Virginia,2020-08-27,3867,15,7,580,101,0
North America,US,West Virginia,2020-08-28,3867,15,7,580,101,0
North America,US,West Virginia,2020-08-29,3867,14,7,580,101,0
North America,US,West Virginia,2020-08-30,3867,13,6,580,101,0
North America,US,West Virginia,2020-08-31,3867,12,6,580,101,0
North America,US,West Virginia,2020-09-01,3867,12,6,580,101,0
North America,US,Wisconsin,2020-03-18,111,111,17,17,0,4
North America,US,Wisconsin,2020-03-19,180,171,26,27,0,6
North America,US,Wisconsin,2020-03-20,249,226,35,37,1,8
North America,US,Wisconsin,2020-03-21,323,284,44,48,1,11
North America,US,Wisconsin,2020-03-22,408,349,55,61,1,13
North America,US,Wisconsin,2020-03-23,505,421,67,76,2,16
North America,US,Wisconsin,2020-03-24,618,503,80,93,3,19
North America,US,Wisconsin,2020-03-25,747,596,95,112,3,22
North America,US,Wisconsin,2020-03-26,894,701,113,134,4,26
North America,US,Wisconsin,2020-03-27,1062,820,132,159,6,30
North America,US,Wisconsin,2020-03-28,1251,951,154,188,7,35
North America,US,Wisconsin,2020-03-29,1462,1096,178,219,9,41
North America,US,Wisconsin,2020-03-30,1699,1257,205,255,10,46
North America,US,Wisconsin,2020-03-31,1962,1432,234,294,12,53
North America,US,Wisconsin,2020-04-01,2250,1621,265,338,15,60
North America,US,Wisconsin,2020-04-02,2565,1824,300,385,17,67
North America,US,Wisconsin,2020-04-03,2909,2042,337,436,20,75
North America,US,Wisconsin,2020-04-04,3282,2275,376,492,24,84
North America,US,Wisconsin,2020-04-05,3682,2520,418,552,27,93
North America,US,Wisconsin,2020-04-06,4110,2775,461,616,32,102
North America,US,Wisconsin,2020-04-07,4565,3041,507,685,36,112
North America,US,Wisconsin,2020-04-08,5048,3318,555,757,41,122
North America,US,Wisconsin,2020-04-09,5558,3603,605,834,46,132
North America,US,Wisconsin,2020-04-10,6092,3894,656,914,52,143
North America,US,Wisconsin,2020-04-11,6649,4189,708,997,58,154
North America,US,Wisconsin,2020-04-12,7228,4486,761,1084,65,164
North America,US,Wisconsin,2020-04-13,7829,4785,814,1174,72,175
North America,US,Wisconsin,2020-04-14,8449,5086,868,1267,80,186
North America,US,Wisconsin,2020-04-15,9085,5382,922,1363,88,197
North America,US,Wisconsin,2020-04-16,9735,5673,976,1460,97,207
North America,US,Wisconsin,2020-04-17,10396,5958,1028,1559,106,217
North America,US,Wisconsin,2020-04-18,11068,6234,1080,1660,115,227
North America,US,Wisconsin,2020-04-19,11750,6503,1132,1763,125,237
North America,US,Wisconsin,2020-04-20,12438,6761,1181,1866,136,246
North America,US,Wisconsin,2020-04-21,13128,7006,1229,1969,146,255
North America,US,Wisconsin,2020-04-22,13820,7236,1275,2073,158,263
North America,US,Wisconsin,2020-04-23,14510,7451,1318,2176,169,271
North America,US,Wisconsin,2020-04-24,15198,7650,1359,2280,181,278
North America,US,Wisconsin,2020-04-25,15882,7833,1398,2382,193,284
North America,US,Wisconsin,2020-04-26,16559,7998,1434,2484,206,290
North America,US,Wisconsin,2020-04-27,17228,8145,1467,2584,218,295
North America,US,Wisconsin,2020-04-28,17888,8274,1497,2683,232,299
North America,US,Wisconsin,2020-04-29,18536,8383,1525,2780,245,303
North America,US,Wisconsin,2020-04-30,19171,8474,1549,2876,258,306
North America,US,Wisconsin,2020-05-01,19792,8546,1570,2969,272,308
North America,US,Wisconsin,2020-05-02,20398,8598,1588,3060,285,309
North America,US,Wisconsin,2020-05-03,20988,8632,1602,3148,299,310
North America,US,Wisconsin,2020-05-04,21561,8648,1614,3234,313,310
North America,US,Wisconsin,2020-05-05,22117,8646,1622,3318,327,310
North America,US,Wisconsin,2020-05-06,22656,8628,1628,3398,341,309
North America,US,Wisconsin,2020-05-07,23175,8593,1630,3476,355,307
North America,US,Wisconsin,2020-05-08,23676,8541,1630,3551,369,305
North America,US,Wisconsin,2020-05-09,24156,8474,1626,3623,383,302
North America,US,Wisconsin,2020-05-10,24619,8394,1621,3693,396,299
North America,US,Wisconsin,2020-05-11,25062,8300,1612,3759,410,295
North America,US,Wisconsin,2020-05-12,25487,8195,1602,3823,424,291
North America,US,Wisconsin,2020-05-13,25892,8077,1588,3884,437,286
North America,US,Wisconsin,2020-05-14,26276,7947,1573,3941,450,281
North America,US,Wisconsin,2020-05-15,26643,7807,1555,3996,463,276
North America,US,Wisconsin,2020-05-16,26992,7660,1536,4049,476,270
North America,US,Wisconsin,2020-05-17,27325,7507,1515,4099,489,264
North America,US,Wisconsin,2020-05-18,27642,7347,1493,4146,501,258
North America,US,Wisconsin,2020-05-19,27940,7181,1470,4191,513,252
North America,US,Wisconsin,2020-05-20,28221,7007,1444,4233,525,245
North America,US,Wisconsin,2020-05-21,28485,6828,1418,4273,537,239
North America,US,Wisconsin,2020-05-22,28734,6646,1390,4310,549,232
North America,US,Wisconsin,2020-05-23,28970,6463,1362,4345,560,225
North America,US,Wisconsin,2020-05-24,29192,6278,1332,4379,571,218
North America,US,Wisconsin,2020-05-25,29400,6092,1303,4410,582,211
North America,US,Wisconsin,2020-05-26,29594,5903,1272,4439,592,204
North America,US,Wisconsin,2020-05-27,29776,5714,1241,4466,602,197
North America,US,Wisconsin,2020-05-28,29946,5526,1210,4492,612,190
North America,US,Wisconsin,2020-05-29,30106,5340,1179,4516,621,184
North America,US,Wisconsin,2020-05-30,30255,5155,1147,4538,631,177
North America,US,Wisconsin,2020-05-31,30394,4972,1116,4559,640,170
North America,US,Wisconsin,2020-06-01,30522,4791,1084,4578,648,164
North America,US,Wisconsin,2020-06-02,30642,4612,1053,4596,657,157
North America,US,Wisconsin,2020-06-03,30753,4436,1021,4613,665,151
North America,US,Wisconsin,2020-06-04,30857,4264,990,4629,673,144
North America,US,Wisconsin,2020-06-05,30954,4096,960,4643,681,138
North America,US,Wisconsin,2020-06-06,31043,3931,929,4656,688,132
North America,US,Wisconsin,2020-06-07,31125,3770,899,4669,695,127
North America,US,Wisconsin,2020-06-08,31201,3613,870,4680,702,121
North America,US,Wisconsin,2020-06-09,31271,3460,841,4691,708,116
North America,US,Wisconsin,2020-06-10,31336,3311,812,4700,715,110
North America,US,Wisconsin,2020-06-11,31396,3167,784,4709,721,105
North America,US,Wisconsin,2020-06-12,31452,3028,757,4718,727,100
North America,US,Wisconsin,2020-06-13,31503,2892,730,4725,733,95
North America,US,Wisconsin,2020-06-14,31549,2761,704,4732,738,91
North America,US,Wisconsin,2020-06-15,31592,2635,678,4739,743,86
North America,US,Wisconsin,2020-06-16,31631,2513,653,4745,748,82
North America,US,Wisconsin,2020-06-17,31668,2395,629,4750,753,78
North America,US,Wisconsin,2020-06-18,31701,2282,606,4755,758,74
North America,US,Wisconsin,2020-06-19,31731,2173,583,4760,762,70
North America,US,Wisconsin,2020-06-20,31759,2069,560,4764,766,67
North America,US,Wisconsin,2020-06-21,31784,1968,539,4768,770,63
North America,US,Wisconsin,2020-06-22,31808,1872,518,4771,774,60
North America,US,Wisconsin,2020-06-23,31829,1779,497,4774,778,57
North America,US,Wisconsin,2020-06-24,31848,1691,478,4777,782,54
North America,US,Wisconsin,2020-06-25,31866,1606,459,4780,785,51
North America,US,Wisconsin,2020-06-26,31882,1525,440,4782,788,48
North America,US,Wisconsin,2020-06-27,31897,1448,423,4785,791,45
North America,US,Wisconsin,2020-06-28,31910,1374,405,4787,794,43
North America,US,Wisconsin,2020-06-29,31922,1303,389,4788,797,40
North America,US,Wisconsin,2020-06-30,31933,1236,373,4790,800,38
North America,US,Wisconsin,2020-07-01,31944,1172,358,4792,803,36
North America,US,Wisconsin,2020-07-02,31953,1111,343,4793,805,34
North America,US,Wisconsin,2020-07-03,31961,1053,328,4794,808,32
North America,US,Wisconsin,2020-07-04,31968,997,315,4795,810,30
North America,US,Wisconsin,2020-07-05,31975,945,301,4796,812,28
North America,US,Wisconsin,2020-07-06,31981,895,289,4797,814,27
North America,US,Wisconsin,2020-07-07,31987,847,276,4798,816,25
North America,US,Wisconsin,2020-07-08,31992,802,265,4799,818,24
North America,US,Wisconsin,2020-07-09,31997,759,253,4799,820,22
North America,US,Wisconsin,2020-07-10,32001,718,242,4800,822,21
North America,US,Wisconsin,2020-07-11,32004,679,232,4801,823,20
North America,US,Wisconsin,2020-07-12,32008,643,222,4801,825,19
North America,US,Wisconsin,2020-07-13,32011,608,212,4802,826,17
North America,US,Wisconsin,2020-07-14,32013,575,203,4802,828,16
North America,US,Wisconsin,2020-07-15,32016,544,194,4802,829,15
North America,US,Wisconsin,2020-07-16,32018,514,186,4803,830,14
North America,US,Wisconsin,2020-07-17,32020,486,178,4803,832,14
North America,US,Wisconsin,2020-07-18,32022,459,170,4803,833,13
North America,US,Wisconsin,2020-07-19,32024,434,163,4804,834,12
North America,US,Wisconsin,2020-07-20,32025,410,155,4804,835,11
North America,US,Wisconsin,2020-07-21,32026,388,149,4804,836,11
North America,US,Wisconsin,2020-07-22,32027,367,142,4804,837,10
North America,US,Wisconsin,2020-07-23,32029,346,136,4804,838,9
North America,US,Wisconsin,2020-07-24,32029,327,130,4804,839,9
North America,US,Wisconsin,2020-07-25,32030,309,124,4805,840,8
North America,US,Wisconsin,2020-07-26,32031,292,119,4805,840,8
North America,US,Wisconsin,2020-07-27,32032,276,113,4805,841,7
North America,US,Wisconsin,2020-07-28,32032,261,108,4805,842,7
North America,US,Wisconsin,2020-07-29,32033,247,103,4805,842,6
North America,US,Wisconsin,2020-07-30,32033,233,99,4805,843,6
North America,US,Wisconsin,2020-07-31,32034,220,94,4805,844,6
North America,US,Wisconsin,2020-08-01,32034,208,90,4805,844,5
North America,US,Wisconsin,2020-08-02,32035,197,86,4805,845,5
North America,US,Wisconsin,2020-08-03,32035,186,82,4805,845,5
North America,US,Wisconsin,2020-08-04,32035,176,79,4805,846,4
North America,US,Wisconsin,2020-08-05,32035,166,75,4805,846,4
North America,US,Wisconsin,2020-08-06,32036,157,72,4805,847,4
North America,US,Wisconsin,2020-08-07,32036,148,69,4805,847,4
North America,US,Wisconsin,2020-08-08,32036,140,65,4805,848,3
North America,US,Wisconsin,2020-08-09,32036,132,63,4805,848,3
North America,US,Wisconsin,2020-08-10,32036,125,60,4805,849,3
North America,US,Wisconsin,2020-08-11,32036,118,57,4805,849,3
North America,US,Wisconsin,2020-08-12,32037,112,54,4805,849,3
North America,US,Wisconsin,2020-08-13,32037,106,52,4805,850,2
North America,US,Wisconsin,2020-08-14,32037,100,50,4806,850,2
North America,US,Wisconsin,2020-08-15,32037,95,47,4806,850,2
North America,US,Wisconsin,2020-08-16,32037,89,45,4806,850,2
North America,US,Wisconsin,2020-08-17,32037,85,43,4806,851,2
North America,US,Wisconsin,2020-08-18,32037,80,41,4806,851,2
North America,US,Wisconsin,2020-08-19,32037,76,39,4806,851,2
North America,US,Wisconsin,2020-08-20,32037,72,38,4806,851,1
North America,US,Wisconsin,2020-08-21,32037,68,36,4806,852,1
North America,US,Wisconsin,2020-08-22,32037,64,34,4806,852,1
North America,US,Wisconsin,2020-08-23,32037,61,33,4806,852,1
North America,US,Wisconsin,2020-08-24,32037,57,31,4806,852,1
North America,US,Wisconsin,2020-08-25,32037,54,30,4806,852,1
North America,US,Wisconsin,2020-08-26,32037,51,29,4806,853,1
North America,US,Wisconsin,2020-08-27,32037,49,27,4806,853,1
North America,US,Wisconsin,2020-08-28,32037,46,26,4806,853,1
North America,US,Wisconsin,2020-08-29,32037,44,25,4806,853,1
North America,US,Wisconsin,2020-08-30,32037,41,24,4806,853,1
North America,US,Wisconsin,2020-08-31,32037,39,23,4806,853,1
North America,US,Wisconsin,2020-09-01,32037,37,22,4806,853,1
North America,US,Wyoming,2020-03-31,109,109,16,16,0,4
North America,US,Wyoming,2020-04-01,113,106,16,17,0,4
North America,US,Wyoming,2020-04-02,116,102,16,17,0,4
North America,US,Wyoming,2020-04-03,120,99,16,18,0,4
North America,US,Wyoming,2020-04-04,124,97,16,19,0,4
North America,US,Wyoming,2020-04-05,129,96,16,19,1,4
North America,US,Wyoming,2020-04-06,135,95,16,20,1,4
North America,US,Wyoming,2020-04-07,141,95,16,21,1,3
North America,US,Wyoming,2020-04-08,148,96,16,22,1,4
North America,US,Wyoming,2020-04-09,156,98,17,23,1,4
North America,US,Wyoming,2020-04-10,165,101,17,25,1,4
North America,US,Wyoming,2020-04-11,175,104,18,26,1,4
North America,US,Wyoming,2020-04-12,186,108,19,28,1,4
North America,US,Wyoming,2020-04-13,199,113,20,30,2,4
North America,US,Wyoming,2020-04-14,212,119,21,32,2,4
North America,US,Wyoming,2020-04-15,227,126,22,34,2,5
North America,US,Wyoming,2020-04-16,243,134,23,36,2,5
North America,US,Wyoming,2020-04-17,260,142,25,39,2,5
North America,US,Wyoming,2020-04-18,279,151,26,42,2,5
North America,US,Wyoming,2020-04-19,298,161,28,45,2,6
North America,US,Wyoming,2020-04-20,319,171,30,48,3,6
North America,US,Wyoming,2020-04-21,342,182,32,51,3,7
North America,US,Wyoming,2020-04-22,365,193,34,55,3,7
North America,US,Wyoming,2020-04-23,390,205,36,58,3,7
North America,US,Wyoming,2020-04-24,416,217,38,62,3,8
North America,US,Wyoming,2020-04-25,443,230,40,66,4,8
North America,US,Wyoming,2020-04-26,471,242,43,71,4,9
North America,US,Wyoming,2020-04-27,500,255,45,75,4,9
North America,US,Wyoming,2020-04-28,530,268,47,79,4,10
North America,US,Wyoming,2020-04-29,560,281,50,84,5,10
North America,US,Wyoming,2020-04-30,592,294,52,89,5,11
North America,US,Wyoming,2020-05-01,624,306,54,94,5,11
North America,US,Wyoming,2020-05-02,657,319,57,99,6,12
North America,US,Wyoming,2020-05-03,690,331,59,103,6,12
North America,US,Wyoming,2020-05-04,724,343,61,109,6,12
North America,US,Wyoming,2020-05-05,758,354,64,114,6,13
North America,US,Wyoming,2020-05-06,792,365,66,119,7,13
North America,US,Wyoming,2020-05-07,826,375,68,124,7,14
North America,US,Wyoming,2020-05-08,860,385,70,129,7,14
North America,US,Wyoming,2020-05-09,895,394,72,134,8,14
North America,US,Wyoming,2020-05-10,929,402,73,139,8,15
North America,US,Wyoming,2020-05-11,963,410,75,144,8,15
North America,US,Wyoming,2020-05-12,997,417,77,150,9,15
North America,US,Wyoming,2020-05-13,1030,423,78,155,9,15
North America,US,Wyoming,2020-05-14,1063,429,79,159,9,15
North America,US,Wyoming,2020-05-15,1096,433,81,164,10,16
North America,US,Wyoming,2020-05-16,1128,437,82,169,10,16
North America,US,Wyoming,2020-05-17,1159,440,82,174,10,16
North America,US,Wyoming,2020-05-18,1190,442,83,178,11,16
North America,US,Wyoming,2020-05-19,1220,444,84,183,11,16
North America,US,Wyoming,2020-05-20,1249,444,84,187,12,16
North America,US,Wyoming,2020-05-21,1278,444,85,192,12,16
North America,US,Wyoming,2020-05-22,1306,443,85,196,12,16
North America,US,Wyoming,2020-05-23,1333,442,85,200,13,16
North America,US,Wyoming,2020-05-24,1359,439,85,204,13,16
North America,US,Wyoming,2020-05-25,1384,436,85,208,13,15
North America,US,Wyoming,2020-05-26,1408,433,85,211,14,15
North America,US,Wyoming,2020-05-27,1432,428,84,215,14,15
North America,US,Wyoming,2020-05-28,1455,424,84,218,14,15
North America,US,Wyoming,2020-05-29,1477,418,83,221,15,15
North America,US,Wyoming,2020-05-30,1498,413,83,225,15,15
North America,US,Wyoming,2020-05-31,1518,406,82,228,15,14
North America,US,Wyoming,2020-06-01,1537,400,81,231,15,14
North America,US,Wyoming,2020-06-02,1555,392,80,233,16,14
North America,US,Wyoming,2020-06-03,1573,385,79,236,16,14
North America,US,Wyoming,2020-06-04,1590,377,78,238,16,13
North America,US,Wyoming,2020-06-05,1606,369,77,241,17,13
North America,US,Wyoming,2020-06-06,1621,361,75,243,17,13
North America,US,Wyoming,2020-06-07,1635,353,74,245,17,12
North America,US,Wyoming,2020-06-08,1649,344,73,247,17,12
North America,US,Wyoming,2020-06-09,1662,335,71,249,18,12
North America,US,Wyoming,2020-06-10,1674,326,70,251,18,11
North America,US,Wyoming,2020-06-11,1686,317,69,253,18,11
North America,US,Wyoming,2020-06-12,1697,308,67,255,18,11
North America,US,Wyoming,2020-06-13,1707,299,66,256,18,10
North America,US,Wyoming,2020-06-14,1717,290,64,258,19,10
North America,US,Wyoming,2020-06-15,1726,281,62,259,19,10
North America,US,Wyoming,2020-06-16,1735,272,61,260,19,9
North America,US,Wyoming,2020-06-17,1743,263,59,261,19,9
North America,US,Wyoming,2020-06-18,1751,254,58,263,19,9
North America,US,Wyoming,2020-06-19,1758,245,56,264,20,8
North America,US,Wyoming,2020-06-20,1765,237,55,265,20,8
North America,US,Wyoming,2020-06-21,1771,228,53,266,20,8
North America,US,Wyoming,2020-06-22,1777,220,52,267,20,7
North America,US,Wyoming,2020-06-23,1782,211,50,267,20,7
North America,US,Wyoming,2020-06-24,1787,203,49,268,20,7
North America,US,Wyoming,2020-06-25,1792,195,47,269,21,7
North America,US,Wyoming,2020-06-26,1797,188,46,269,21,6
North America,US,Wyoming,2020-06-27,1801,180,44,270,21,6
North America,US,Wyoming,2020-06-28,1804,173,43,271,21,6
North America,US,Wyoming,2020-06-29,1808,166,41,271,21,5
North America,US,Wyoming,2020-06-30,1811,159,40,272,21,5
North America,US,Wyoming,2020-07-01,1814,152,39,272,21,5
North America,US,Wyoming,2020-07-02,1817,146,37,273,21,5
North America,US,Wyoming,2020-07-03,1820,139,36,273,22,5
North America,US,Wyoming,2020-07-04,1822,133,35,273,22,4
North America,US,Wyoming,2020-07-05,1825,127,33,274,22,4
North America,US,Wyoming,2020-07-06,1827,121,32,274,22,4
North America,US,Wyoming,2020-07-07,1829,116,31,274,22,4
North America,US,Wyoming,2020-07-08,1831,111,30,275,22,4
North America,US,Wyoming,2020-07-09,1832,105,29,275,22,3
North America,US,Wyoming,2020-07-10,1834,100,28,275,22,3
North America,US,Wyoming,2020-07-11,1835,96,27,275,22,3
North America,US,Wyoming,2020-07-12,1836,91,26,275,22,3
North America,US,Wyoming,2020-07-13,1838,87,25,276,22,3
North America,US,Wyoming,2020-07-14,1839,83,24,276,22,3
North America,US,Wyoming,2020-07-15,1840,79,23,276,23,2
North America,US,Wyoming,2020-07-16,1841,75,22,276,23,2
North America,US,Wyoming,2020-07-17,1841,71,21,276,23,2
North America,US,Wyoming,2020-07-18,1842,67,20,276,23,2
North America,US,Wyoming,2020-07-19,1843,64,19,276,23,2
North America,US,Wyoming,2020-07-20,1844,61,19,277,23,2
North America,US,Wyoming,2020-07-21,1844,58,18,277,23,2
North America,US,Wyoming,2020-07-22,1845,55,17,277,23,2
North America,US,Wyoming,2020-07-23,1845,52,16,277,23,2
North America,US,Wyoming,2020-07-24,1846,49,16,277,23,1
North America,US,Wyoming,2020-07-25,1846,47,15,277,23,1
North America,US,Wyoming,2020-07-26,1846,44,14,277,23,1
North America,US,Wyoming,2020-07-27,1847,42,14,277,23,1
North America,US,Wyoming,2020-07-28,1847,40,13,277,23,1
North America,US,Wyoming,2020-07-29,1847,38,13,277,23,1
North America,US,Wyoming,2020-07-30,1848,36,12,277,23,1
North America,US,Wyoming,2020-07-31,1848,34,12,277,23,1
North America,US,Wyoming,2020-08-01,1848,32,11,277,23,1
North America,US,Wyoming,2020-08-02,1848,30,11,277,23,1
North America,US,Wyoming,2020-08-03,1848,29,10,277,23,1
North America,US,Wyoming,2020-08-04,1849,27,10,277,23,1
North America,US,Wyoming,2020-08-05,1849,26,9,277,23,1
North America,US,Wyoming,2020-08-06,1849,24,9,277,23,1
North America,US,Wyoming,2020-08-07,1849,23,9,277,23,1
North America,US,Wyoming,2020-08-08,1849,22,8,277,23,1
North America,US,Wyoming,2020-08-09,1849,21,8,277,23,1
North America,US,Wyoming,2020-08-10,1849,20,8,277,23,1
North America,US,Wyoming,2020-08-11,1849,18,7,277,23,0
North America,US,Wyoming,2020-08-12,1849,17,7,277,23,0
North America,US,Wyoming,2020-08-13,1850,17,7,277,23,0
North America,US,Wyoming,2020-08-14,1850,16,6,277,24,0
North America,US,Wyoming,2020-08-15,1850,15,6,277,24,0
North America,US,Wyoming,2020-08-16,1850,14,6,277,24,0
North America,US,Wyoming,2020-08-17,1850,13,5,277,24,0
North America,US,Wyoming,2020-08-18,1850,12,5,277,24,0
North America,US,Wyoming,2020-08-19,1850,12,5,277,24,0
North America,US,Wyoming,2020-08-20,1850,11,5,277,24,0
North America,US,Wyoming,2020-08-21,1850,11,5,277,24,0
North America,US,Wyoming,2020-08-22,1850,10,4,277,24,0
North America,US,Wyoming,2020-08-23,1850,9,4,277,24,0
North America,US,Wyoming,2020-08-24,1850,9,4,277,24,0
North America,US,Wyoming,2020-08-25,1850,8,4,277,24,0
North America,US,Wyoming,2020-08-26,1850,8,4,277,24,0
North America,US,Wyoming,2020-08-27,1850,8,3,278,24,0
North America,US,Wyoming,2020-08-28,1850,7,3,278,24,0
North America,US,Wyoming,2020-08-29,1850,7,3,278,24,0
North America,US,Wyoming,2020-08-30,1850,6,3,278,24,0
North America,US,Wyoming,2020-08-31,1850,6,3,278,24,0
North America,US,Wyoming,2020-09-01,1850,6,3,278,24,0
South America,Brazil,None,2020-03-13,151,151,23,23,0,6
South America,Brazil,None,2020-03-14,406,389,59,61,1,15
South America,Brazil,None,2020-03-15,667,616,95,100,2,23
South America,Brazil,None,2020-03-16,984,885,137,148,4,33
South America,Brazil,None,2020-03-17,1426,1259,196,214,6,47
South America,Brazil,None,2020-03-18,2059,1793,280,309,10,67
South America,Brazil,None,2020-03-19,2915,2510,392,437,15,93
South America,Brazil,None,2020-03-20,4012,3416,536,602,22,127
South America,Brazil,None,2020-03-21,5374,4521,711,806,32,168
South America,Brazil,None,2020-03-22,7036,5849,923,1055,44,217
South America,Brazil,None,2020-03-23,9049,7431,1176,1357,61,276
South America,Brazil,None,2020-03-24,11463,9305,1477,1719,81,345
South America,Brazil,None,2020-03-25,14341,11510,1832,2151,106,427
South America,Brazil,None,2020-03-26,17748,14090,2249,2662,138,522
South America,Brazil,None,2020-03-27,21737,17071,2732,3260,176,633
South America,Brazil,None,2020-03-28,26383,20500,3289,3957,223,759
South America,Brazil,None,2020-03-29,31784,24448,3932,4768,278,905
South America,Brazil,None,2020-03-30,38018,28956,4669,5703,344,1072
South America,Brazil,None,2020-03-31,45121,34023,5499,6768,422,1258
South America,Brazil,None,2020-04-01,53161,39677,6428,7974,514,1467
South America,Brazil,None,2020-04-02,62245,45988,7469,9337,621,1699
South America,Brazil,None,2020-04-03,72463,53006,8629,10869,744,1958
South America,Brazil,None,2020-04-04,83823,60691,9904,12573,887,2241
South America,Brazil,None,2020-04-05,96356,69027,11292,14453,1049,2547
South America,Brazil,None,2020-04-06,110135,78044,12800,16520,1234,2878
South America,Brazil,None,2020-04-07,125246,87795,14436,18787,1443,3236
South America,Brazil,None,2020-04-08,141673,98211,16191,21251,1677,3619
South America,Brazil,None,2020-04-09,159382,109213,18053,23907,1940,4022
South America,Brazil,None,2020-04-10,178382,120773,20020,26757,2231,4445
South America,Brazil,None,2020-04-11,198721,132908,22094,29808,2554,4889
South America,Brazil,None,2020-04-12,220406,145597,24273,33061,2908,5353
South America,Brazil,None,2020-04-13,243331,158693,26534,36500,3296,5831
South America,Brazil,None,2020-04-14,267419,172092,28863,40113,3719,6319
South America,Brazil,None,2020-04-15,292634,185739,31250,43895,4179,6816
South America,Brazil,None,2020-04-16,318982,199635,33696,47847,4674,7321
South America,Brazil,None,2020-04-17,346417,213725,36191,51963,5207,7832
South America,Brazil,None,2020-04-18,374778,227836,38709,56217,5777,8344
South America,Brazil,None,2020-04-19,403940,241837,41229,60591,6386,8850
South America,Brazil,None,2020-04-20,433818,255652,43740,65073,7033,9349
South America,Brazil,None,2020-04-21,464368,269255,46235,69655,7717,9839
South America,Brazil,None,2020-04-22,495558,282643,48711,74334,8438,10321
South America,Brazil,None,2020-04-23,527227,295666,51146,79084,9196,10788
South America,Brazil,None,2020-04-24,559218,308194,53518,83883,9990,11236
South America,Brazil,None,2020-04-25,591415,320136,55812,88712,10818,11661
South America,Brazil,None,2020-04-26,623728,331444,58018,93559,11680,12063
South America,Brazil,None,2020-04-27,656102,342110,60132,98415,12574,12440
South America,Brazil,None,2020-04-28,688490,352138,62154,103273,13499,12793
South America,Brazil,None,2020-04-29,720740,361416,64064,108111,14452,13118
South America,Brazil,None,2020-04-30,752740,369881,65851,112911,15432,13413
South America,Brazil,None,2020-05-01,784398,377493,67507,117660,16437,13676
South America,Brazil,None,2020-05-02,815636,384229,69026,122345,17465,13906
South America,Brazil,None,2020-05-03,846393,390085,70405,126959,18514,14104
South America,Brazil,None,2020-05-04,876618,395070,71644,131493,19581,14269
South America,Brazil,None,2020-05-05,906243,399171,72738,135936,20665,14401
South America,Brazil,None,2020-05-06,935173,402347,73680,140276,21763,14500
South America,Brazil,None,2020-05-07,963403,404656,74478,144510,22873,14567
South America,Brazil,None,2020-05-08,990915,406143,75134,148637,23992,14603
South America,Brazil,None,2020-05-09,1017675,406827,75651,152651,25119,14611
South America,Brazil,None,2020-05-10,1043630,406707,76028,156544,26250,14589
South America,Brazil,None,2020-05-11,1068710,405758,76259,160307,27385,14537
South America,Brazil,None,2020-05-12,1092835,403942,76339,163925,28521,14453
South America,Brazil,None,2020-05-13,1116032,401340,76278,167405,29656,14341
South America,Brazil,None,2020-05-14,1138366,398075,76093,170755,30787,14205
South America,Brazil,None,2020-05-15,1159863,394220,75795,173979,31914,14048
South America,Brazil,None,2020-05-16,1180509,389802,75387,177076,33033,13871
South America,Brazil,None,2020-05-17,1200256,384801,74866,180038,34144,13674
South America,Brazil,None,2020-05-18,1219029,379168,74224,182854,35244,13453
South America,Brazil,None,2020-05-19,1236887,372999,73477,185533,36334,13214
South America,Brazil,None,2020-05-20,1253907,366413,72640,188086,37410,12961
South America,Brazil,None,2020-05-21,1270130,359480,71726,190520,38471,12695
South America,Brazil,None,2020-05-22,1285563,352231,70738,192835,39517,12419
South America,Brazil,None,2020-05-23,1300185,344658,69676,195028,40546,12132
South America,Brazil,None,2020-05-24,1313953,336728,68536,197093,41557,11832
South America,Brazil,None,2020-05-25,1326929,328524,67331,199039,42550,11523
South America,Brazil,None,2020-05-26,1339189,320146,66076,200878,43523,11209
South America,Brazil,None,2020-05-27,1350780,311652,64780,202617,44476,10891
South America,Brazil,None,2020-05-28,1361722,303072,63449,204258,45408,10572
South America,Brazil,None,2020-05-29,1372012,294403,62082,205802,46319,10249
South America,Brazil,None,2020-05-30,1381621,285613,60677,207243,47208,9924
South America,Brazil,None,2020-05-31,1390591,276750,59242,208589,48075,9596
South America,Brazil,None,2020-06-01,1398999,267897,57789,209850,48920,9269
South America,Brazil,None,2020-06-02,1406891,259101,56326,211034,49742,8946
South America,Brazil,None,2020-06-03,1414292,250386,54859,212144,50542,8626
South America,Brazil,None,2020-06-04,1421209,241751,53387,213181,51318,8310
South America,Brazil,None,2020-06-05,1427629,233172,51909,214144,52073,7997
South America,Brazil,None,2020-06-06,1433572,224661,50428,215036,52804,7687
South America,Brazil,None,2020-06-07,1439102,216280,48953,215865,53513,7382
South America,Brazil,None,2020-06-08,1444257,208059,47490,216639,54200,7084
South America,Brazil,None,2020-06-09,1449061,200013,46042,217359,54864,6793
South America,Brazil,None,2020-06-10,1453525,192143,44610,218029,55507,6509
South America,Brazil,None,2020-06-11,1457649,184431,43193,218647,56128,6231
South America,Brazil,None,2020-06-12,1461441,176873,41792,219216,56728,5959
South America,Brazil,None,2020-06-13,1464947,169507,40412,219742,57307,5695
South America,Brazil,None,2020-06-14,1468195,162348,39056,220229,57866,5439
South America,Brazil,None,2020-06-15,1471203,155404,37728,220681,58404,5192
South America,Brazil,None,2020-06-16,1473985,148672,36426,221098,58923,4952
South America,Brazil,None,2020-06-17,1476544,142140,35151,221482,59422,4720
South America,Brazil,None,2020-06-18,1478883,135798,33901,221833,59903,4495
South America,Brazil,None,2020-06-19,1481033,129664,32680,222155,60365,4279
South America,Brazil,None,2020-06-20,1483013,123744,31489,222452,60810,4070
South America,Brazil,None,2020-06-21,1484839,118040,30330,222726,61237,3870
South America,Brazil,None,2020-06-22,1486519,112549,29202,222978,61648,3677
South America,Brazil,None,2020-06-23,1488059,107260,28105,223209,62042,3492
South America,Brazil,None,2020-06-24,1489460,102162,27037,223419,62420,3314
South America,Brazil,None,2020-06-25,1490739,97258,25999,223611,62783,3144
South America,Brazil,None,2020-06-26,1491912,92552,24993,223787,63131,2981
South America,Brazil,None,2020-06-27,1492987,88041,24018,223948,63465,2825
South America,Brazil,None,2020-06-28,1493973,83721,23074,224096,63784,2676
South America,Brazil,None,2020-06-29,1494874,79584,22161,224231,64090,2533
South America,Brazil,None,2020-06-30,1495692,75619,21277,224354,64384,2397
South America,Brazil,None,2020-07-01,1496434,71822,20422,224465,64664,2268
South America,Brazil,None,2020-07-02,1497109,68194,19596,224566,64933,2144
South America,Brazil,None,2020-07-03,1497727,64730,18798,224659,65190,2026
South America,Brazil,None,2020-07-04,1498290,61425,18029,224744,65436,1915
South America,Brazil,None,2020-07-05,1498804,58275,17288,224821,65671,1808
South America,Brazil,None,2020-07-06,1499270,55269,16573,224891,65896,1707
South America,Brazil,None,2020-07-07,1499690,52401,15884,224953,66110,1611
South America,Brazil,None,2020-07-08,1500070,49669,15220,225011,66316,1520
South America,Brazil,None,2020-07-09,1500416,47069,14581,225062,66512,1433
South America,Brazil,None,2020-07-10,1500731,44597,13967,225110,66699,1351
South America,Brazil,None,2020-07-11,1501017,42247,13376,225153,66878,1274
South America,Brazil,None,2020-07-12,1501276,40012,12808,225191,67048,1200
South America,Brazil,None,2020-07-13,1501509,37887,12262,225226,67211,1131
South America,Brazil,None,2020-07-14,1501719,35868,11737,225258,67367,1065
South America,Brazil,None,2020-07-15,1501909,33951,11233,225286,67515,1002
South America,Brazil,None,2020-07-16,1502081,32132,10750,225312,67657,943
South America,Brazil,None,2020-07-17,1502237,30407,10285,225336,67792,888
South America,Brazil,None,2020-07-18,1502378,28771,9840,225357,67921,835
South America,Brazil,None,2020-07-19,1502504,27219,9413,225376,68043,786
South America,Brazil,None,2020-07-20,1502618,25747,9003,225393,68160,739
South America,Brazil,None,2020-07-21,1502720,24352,8610,225408,68272,694
South America,Brazil,None,2020-07-22,1502812,23031,8234,225422,68378,653
South America,Brazil,None,2020-07-23,1502895,21780,7873,225434,68480,614
South America,Brazil,None,2020-07-24,1502971,20595,7528,225446,68577,577
South America,Brazil,None,2020-07-25,1503038,19474,7197,225456,68669,542
South America,Brazil,None,2020-07-26,1503098,18412,6879,225465,68756,509
South America,Brazil,None,2020-07-27,1503153,17407,6576,225473,68840,478
South America,Brazil,None,2020-07-28,1503201,16456,6285,225480,68920,449
South America,Brazil,None,2020-07-29,1503245,15556,6007,225487,68995,421
South America,Brazil,None,2020-07-30,1503284,14706,5740,225493,69068,396
South America,Brazil,None,2020-07-31,1503320,13901,5486,225498,69137,371
South America,Brazil,None,2020-08-01,1503351,13141,5242,225503,69202,348
South America,Brazil,None,2020-08-02,1503379,12421,5009,225507,69264,327
South America,Brazil,None,2020-08-03,1503404,11741,4785,225511,69324,307
South America,Brazil,None,2020-08-04,1503427,11098,4572,225514,69380,288
South America,Brazil,None,2020-08-05,1503447,10491,4368,225517,69434,270
South America,Brazil,None,2020-08-06,1503465,9917,4173,225520,69486,253
South America,Brazil,None,2020-08-07,1503482,9375,3986,225522,69534,238
South America,Brazil,None,2020-08-08,1503496,8862,3808,225524,69581,223
South America,Brazil,None,2020-08-09,1503509,8378,3637,225526,69625,209
South America,Brazil,None,2020-08-10,1503520,7920,3474,225528,69667,196
South America,Brazil,None,2020-08-11,1503531,7487,3318,225530,69707,184
South America,Brazil,None,2020-08-12,1503540,7079,3169,225531,69746,172
South America,Brazil,None,2020-08-13,1503548,6693,3027,225532,69782,162
South America,Brazil,None,2020-08-14,1503556,6329,2891,225533,69816,152
South America,Brazil,None,2020-08-15,1503562,5984,2761,225534,69849,142
South America,Brazil,None,2020-08-16,1503568,5659,2637,225535,69881,133
South America,Brazil,None,2020-08-17,1503573,5351,2518,225536,69910,125
South America,Brazil,None,2020-08-18,1503577,5061,2405,225537,69939,117
South America,Brazil,None,2020-08-19,1503582,4787,2297,225537,69966,110
South America,Brazil,None,2020-08-20,1503585,4528,2193,225538,69991,103
South America,Brazil,None,2020-08-21,1503588,4283,2094,225538,70016,97
South America,Brazil,None,2020-08-22,1503591,4052,2000,225539,70039,91
South America,Brazil,None,2020-08-23,1503594,3833,1910,225539,70061,85
South America,Brazil,None,2020-08-24,1503596,3627,1824,225539,70082,80
South America,Brazil,None,2020-08-25,1503598,3432,1741,225540,70102,75
South America,Brazil,None,2020-08-26,1503600,3247,1663,225540,70121,70
South America,Brazil,None,2020-08-27,1503602,3073,1588,225540,70139,66
South America,Brazil,None,2020-08-28,1503603,2909,1516,225540,70157,61
South America,Brazil,None,2020-08-29,1503604,2753,1448,225541,70173,58
South America,Brazil,None,2020-08-30,1503605,2606,1382,225541,70189,54
South America,Brazil,None,2020-08-31,1503606,2467,1320,225541,70203,51
South America,Brazil,None,2020-09-01,1503607,2336,1260,225541,70218,47
South America,None,None,2020-03-13,151,151,23,23,0,6
South America,None,None,2020-03-14,406,389,59,61,1,15
South America,None,None,2020-03-15,667,616,95,100,2,23
South America,None,None,2020-03-16,984,885,137,148,4,33
South America,None,None,2020-03-17,1426,1259,196,214,6,47
South America,None,None,2020-03-18,2059,1793,280,309,10,67
South America,None,None,2020-03-19,2915,2510,392,437,15,93
South America,None,None,2020-03-20,4012,3416,536,602,22,127
South America,None,None,2020-03-21,5374,4521,711,806,32,168
South America,None,None,2020-03-22,7036,5849,923,1055,44,217
South America,None,None,2020-03-23,9049,7431,1176,1357,61,276
South America,None,None,2020-03-24,11463,9305,1477,1719,81,345
South America,None,None,2020-03-25,14341,11510,1832,2151,106,427
South America,None,None,2020-03-26,17748,14090,2249,2662,138,522
South America,None,None,2020-03-27,21737,17071,2732,3260,176,633
South America,None,None,2020-03-28,26383,20500,3289,3957,223,759
South America,None,None,2020-03-29,31784,24448,3932,4768,278,905
South America,None,None,2020-03-30,38018,28956,4669,5703,344,1072
South America,None,None,2020-03-31,45121,34023,5499,6768,422,1258
South America,None,None,2020-04-01,53161,39677,6428,7974,514,1467
South America,None,None,2020-04-02,62245,45988,7469,9337,621,1699
South America,None,None,2020-04-03,72463,53006,8629,10869,744,1958
South America,None,None,2020-04-04,83823,60691,9904,12573,887,2241
South America,None,None,2020-04-05,96356,69027,11292,14453,1049,2547
South America,None,None,2020-04-06,110135,78044,12800,16520,1234,2878
South America,None,None,2020-04-07,125246,87795,14436,18787,1443,3236
South America,None,None,2020-04-08,141673,98211,16191,21251,1677,3619
South America,None,None,2020-04-09,159382,109213,18053,23907,1940,4022
South America,None,None,2020-04-10,178382,120773,20020,26757,2231,4445
South America,None,None,2020-04-11,198721,132908,22094,29808,2554,4889
South America,None,None,2020-04-12,220406,145597,24273,33061,2908,5353
South America,None,None,2020-04-13,243331,158693,26534,36500,3296,5831
South America,None,None,2020-04-14,267419,172092,28863,40113,3719,6319
South America,None,None,2020-04-15,292634,185739,31250,43895,4179,6816
South America,None,None,2020-04-16,318982,199635,33696,47847,4674,7321
South America,None,None,2020-04-17,346417,213725,36191,51963,5207,7832
South America,None,None,2020-04-18,374778,227836,38709,56217,5777,8344
South America,None,None,2020-04-19,403940,241837,41229,60591,6386,8850
South America,None,None,2020-04-20,433818,255652,43740,65073,7033,9349
South America,None,None,2020-04-21,464368,269255,46235,69655,7717,9839
South America,None,None,2020-04-22,495558,282643,48711,74334,8438,10321
South America,None,None,2020-04-23,527227,295666,51146,79084,9196,10788
South America,None,None,2020-04-24,559218,308194,53518,83883,9990,11236
South America,None,None,2020-04-25,591415,320136,55812,88712,10818,11661
South America,None,None,2020-04-26,623728,331444,58018,93559,11680,12063
South America,None,None,2020-04-27,656102,342110,60132,98415,12574,12440
South America,None,None,2020-04-28,688490,352138,62154,103273,13499,12793
South America,None,None,2020-04-29,720740,361416,64064,108111,14452,13118
South America,None,None,2020-04-30,752740,369881,65851,112911,15432,13413
South America,None,None,2020-05-01,784398,377493,67507,117660,16437,13676
South America,None,None,2020-05-02,815636,384229,69026,122345,17465,13906
South America,None,None,2020-05-03,846393,390085,70405,126959,18514,14104
South America,None,None,2020-05-04,876618,395070,71644,131493,19581,14269
South America,None,None,2020-05-05,906243,399171,72738,135936,20665,14401
South America,None,None,2020-05-06,935173,402347,73680,140276,21763,14500
South America,None,None,2020-05-07,963403,404656,74478,144510,22873,14567
South America,None,None,2020-05-08,990915,406143,75134,148637,23992,14603
South America,None,None,2020-05-09,1017675,406827,75651,152651,25119,14611
South America,None,None,2020-05-10,1043630,406707,76028,156544,26250,14589
South America,None,None,2020-05-11,1068710,405758,76259,160307,27385,14537
South America,None,None,2020-05-12,1092835,403942,76339,163925,28521,14453
South America,None,None,2020-05-13,1116032,401340,76278,167405,29656,14341
South America,None,None,2020-05-14,1138366,398075,76093,170755,30787,14205
South America,None,None,2020-05-15,1159863,394220,75795,173979,31914,14048
South America,None,None,2020-05-16,1180509,389802,75387,177076,33033,13871
South America,None,None,2020-05-17,1200256,384801,74866,180038,34144,13674
South America,None,None,2020-05-18,1219029,379168,74224,182854,35244,13453
South America,None,None,2020-05-19,1236887,372999,73477,185533,36334,13214
South America,None,None,2020-05-20,1253907,366413,72640,188086,37410,12961
South America,None,None,2020-05-21,1270130,359480,71726,190520,38471,12695
South America,None,None,2020-05-22,1285563,352231,70738,192835,39517,12419
South America,None,None,2020-05-23,1300185,344658,69676,195028,40546,12132
South America,None,None,2020-05-24,1313953,336728,68536,197093,41557,11832
South America,None,None,2020-05-25,1326929,328524,67331,199039,42550,11523
South America,None,None,2020-05-26,1339189,320146,66076,200878,43523,11209
South America,None,None,2020-05-27,1350780,311652,64780,202617,44476,10891
South America,None,None,2020-05-28,1361722,303072,63449,204258,45408,10572
South America,None,None,2020-05-29,1372012,294403,62082,205802,46319,10249
South America,None,None,2020-05-30,1381621,285613,60677,207243,47208,9924
South America,None,None,2020-05-31,1390591,276750,59242,208589,48075,9596
South America,None,None,2020-06-01,1398999,267897,57789,209850,48920,9269
South America,None,None,2020-06-02,1406891,259101,56326,211034,49742,8946
South America,None,None,2020-06-03,1414292,250386,54859,212144,50542,8626
South America,None,None,2020-06-04,1421209,241751,53387,213181,51318,8310
South America,None,None,2020-06-05,1427629,233172,51909,214144,52073,7997
South America,None,None,2020-06-06,1433572,224661,50428,215036,52804,7687
South America,None,None,2020-06-07,1439102,216280,48953,215865,53513,7382
South America,None,None,2020-06-08,1444257,208059,47490,216639,54200,7084
South America,None,None,2020-06-09,1449061,200013,46042,217359,54864,6793
South America,None,None,2020-06-10,1453525,192143,44610,218029,55507,6509
South America,None,None,2020-06-11,1457649,184431,43193,218647,56128,6231
South America,None,None,2020-06-12,1461441,176873,41792,219216,56728,5959
South America,None,None,2020-06-13,1464947,169507,40412,219742,57307,5695
South America,None,None,2020-06-14,1468195,162348,39056,220229,57866,5439
South America,None,None,2020-06-15,1471203,155404,37728,220681,58404,5192
South America,None,None,2020-06-16,1473985,148672,36426,221098,58923,4952
South America,None,None,2020-06-17,1476544,142140,35151,221482,59422,4720
South America,None,None,2020-06-18,1478883,135798,33901,221833,59903,4495
South America,None,None,2020-06-19,1481033,129664,32680,222155,60365,4279
South America,None,None,2020-06-20,1483013,123744,31489,222452,60810,4070
South America,None,None,2020-06-21,1484839,118040,30330,222726,61237,3870
South America,None,None,2020-06-22,1486519,112549,29202,222978,61648,3677
South America,None,None,2020-06-23,1488059,107260,28105,223209,62042,3492
South America,None,None,2020-06-24,1489460,102162,27037,223419,62420,3314
South America,None,None,2020-06-25,1490739,97258,25999,223611,62783,3144
South America,None,None,2020-06-26,1491912,92552,24993,223787,63131,2981
South America,None,None,2020-06-27,1492987,88041,24018,223948,63465,2825
South America,None,None,2020-06-28,1493973,83721,23074,224096,63784,2676
South America,None,None,2020-06-29,1494874,79584,22161,224231,64090,2533
South America,None,None,2020-06-30,1495692,75619,21277,224354,64384,2397
South America,None,None,2020-07-01,1496434,71822,20422,224465,64664,2268
South America,None,None,2020-07-02,1497109,68194,19596,224566,64933,2144
South America,None,None,2020-07-03,1497727,64730,18798,224659,65190,2026
South America,None,None,2020-07-04,1498290,61425,18029,224744,65436,1915
South America,None,None,2020-07-05,1498804,58275,17288,224821,65671,1808
South America,None,None,2020-07-06,1499270,55269,16573,224891,65896,1707
South America,None,None,2020-07-07,1499690,52401,15884,224953,66110,1611
South America,None,None,2020-07-08,1500070,49669,15220,225011,66316,1520
South America,None,None,2020-07-09,1500416,47069,14581,225062,66512,1433
South America,None,None,2020-07-10,1500731,44597,13967,225110,66699,1351
South America,None,None,2020-07-11,1501017,42247,13376,225153,66878,1274
South America,None,None,2020-07-12,1501276,40012,12808,225191,67048,1200
South America,None,None,2020-07-13,1501509,37887,12262,225226,67211,1131
South America,None,None,2020-07-14,1501719,35868,11737,225258,67367,1065
South America,None,None,2020-07-15,1501909,33951,11233,225286,67515,1002
South America,None,None,2020-07-16,1502081,32132,10750,225312,67657,943
South America,None,None,2020-07-17,1502237,30407,10285,225336,67792,888
South America,None,None,2020-07-18,1502378,28771,9840,225357,67921,835
South America,None,None,2020-07-19,1502504,27219,9413,225376,68043,786
South America,None,None,2020-07-20,1502618,25747,9003,225393,68160,739
South America,None,None,2020-07-21,1502720,24352,8610,225408,68272,694
South America,None,None,2020-07-22,1502812,23031,8234,225422,68378,653
South America,None,None,2020-07-23,1502895,21780,7873,225434,68480,614
South America,None,None,2020-07-24,1502971,20595,7528,225446,68577,577
South America,None,None,2020-07-25,1503038,19474,7197,225456,68669,542
South America,None,None,2020-07-26,1503098,18412,6879,225465,68756,509
South America,None,None,2020-07-27,1503153,17407,6576,225473,68840,478
South America,None,None,2020-07-28,1503201,16456,6285,225480,68920,449
South America,None,None,2020-07-29,1503245,15556,6007,225487,68995,421
South America,None,None,2020-07-30,1503284,14706,5740,225493,69068,396
South America,None,None,2020-07-31,1503320,13901,5486,225498,69137,371
South America,None,None,2020-08-01,1503351,13141,5242,225503,69202,348
South America,None,None,2020-08-02,1503379,12421,5009,225507,69264,327
South America,None,None,2020-08-03,1503404,11741,4785,225511,69324,307
South America,None,None,2020-08-04,1503427,11098,4572,225514,69380,288
South America,None,None,2020-08-05,1503447,10491,4368,225517,69434,270
South America,None,None,2020-08-06,1503465,9917,4173,225520,69486,253
South America,None,None,2020-08-07,1503482,9375,3986,225522,69534,238
South America,None,None,2020-08-08,1503496,8862,3808,225524,69581,223
South America,None,None,2020-08-09,1503509,8378,3637,225526,69625,209
South America,None,None,2020-08-10,1503520,7920,3474,225528,69667,196
South America,None,None,2020-08-11,1503531,7487,3318,225530,69707,184
South America,None,None,2020-08-12,1503540,7079,3169,225531,69746,172
South America,None,None,2020-08-13,1503548,6693,3027,225532,69782,162
South America,None,None,2020-08-14,1503556,6329,2891,225533,69816,152
South America,None,None,2020-08-15,1503562,5984,2761,225534,69849,142
South America,None,None,2020-08-16,1503568,5659,2637,225535,69881,133
South America,None,None,2020-08-17,1503573,5351,2518,225536,69910,125
South America,None,None,2020-08-18,1503577,5061,2405,225537,69939,117
South America,None,None,2020-08-19,1503582,4787,2297,225537,69966,110
South America,None,None,2020-08-20,1503585,4528,2193,225538,69991,103
South America,None,None,2020-08-21,1503588,4283,2094,225538,70016,97
South America,None,None,2020-08-22,1503591,4052,2000,225539,70039,91
South America,None,None,2020-08-23,1503594,3833,1910,225539,70061,85
South America,None,None,2020-08-24,1503596,3627,1824,225539,70082,80
South America,None,None,2020-08-25,1503598,3432,1741,225540,70102,75
South America,None,None,2020-08-26,1503600,3247,1663,225540,70121,70
South America,None,None,2020-08-27,1503602,3073,1588,225540,70139,66
South America,None,None,2020-08-28,1503603,2909,1516,225540,70157,61
South America,None,None,2020-08-29,1503604,2753,1448,225541,70173,58
South America,None,None,2020-08-30,1503605,2606,1382,225541,70189,54
South America,None,None,2020-08-31,1503606,2467,1320,225541,70203,51
South America,None,None,2020-09-01,1503607,2336,1260,225541,70218,47
