date,country,province,day_since100,case_cnt,death_cnt,new_hospitalization,total_hospitalization,new_icu,total_icu,new_recovered,total_recovered
2020-01-22,US,NE_Logan_County,-457,0,0,,,,,,
2020-01-23,US,NE_Logan_County,-456,0,0,,,,,,
2020-01-24,US,NE_Logan_County,-455,0,0,,,,,,
2020-01-25,US,NE_Logan_County,-454,0,0,,,,,,
2020-01-26,US,NE_Logan_County,-453,0,0,,,,,,
2020-01-27,US,NE_Logan_County,-452,0,0,,,,,,
2020-01-28,US,NE_Logan_County,-451,0,0,,,,,,
2020-01-29,US,NE_Logan_County,-450,0,0,,,,,,
2020-01-30,US,NE_Logan_County,-449,0,0,,,,,,
2020-01-31,US,NE_Logan_County,-448,0,0,,,,,,
2020-02-01,US,NE_Logan_County,-447,0,0,,,,,,
2020-02-02,US,NE_Logan_County,-446,0,0,,,,,,
2020-02-03,US,NE_Logan_County,-445,0,0,,,,,,
2020-02-04,US,NE_Logan_County,-444,0,0,,,,,,
2020-02-05,US,NE_Logan_County,-443,0,0,,,,,,
2020-02-06,US,NE_Logan_County,-442,0,0,,,,,,
2020-02-07,US,NE_Logan_County,-441,0,0,,,,,,
2020-02-08,US,NE_Logan_County,-440,0,0,,,,,,
2020-02-09,US,NE_Logan_County,-439,0,0,,,,,,
2020-02-10,US,NE_Logan_County,-438,0,0,,,,,,
2020-02-11,US,NE_Logan_County,-437,0,0,,,,,,
2020-02-12,US,NE_Logan_County,-436,0,0,,,,,,
2020-02-13,US,NE_Logan_County,-435,0,0,,,,,,
2020-02-14,US,NE_Logan_County,-434,0,0,,,,,,
2020-02-15,US,NE_Logan_County,-433,0,0,,,,,,
2020-02-16,US,NE_Logan_County,-432,0,0,,,,,,
2020-02-17,US,NE_Logan_County,-431,0,0,,,,,,
2020-02-18,US,NE_Logan_County,-430,0,0,,,,,,
2020-02-19,US,NE_Logan_County,-429,0,0,,,,,,
2020-02-20,US,NE_Logan_County,-428,0,0,,,,,,
2020-02-21,US,NE_Logan_County,-427,0,0,,,,,,
2020-02-22,US,NE_Logan_County,-426,0,0,,,,,,
2020-02-23,US,NE_Logan_County,-425,0,0,,,,,,
2020-02-24,US,NE_Logan_County,-424,0,0,,,,,,
2020-02-25,US,NE_Logan_County,-423,0,0,,,,,,
2020-02-26,US,NE_Logan_County,-422,0,0,,,,,,
2020-02-27,US,NE_Logan_County,-421,0,0,,,,,,
2020-02-28,US,NE_Logan_County,-420,0,0,,,,,,
2020-02-29,US,NE_Logan_County,-419,0,0,,,,,,
2020-03-01,US,NE_Logan_County,-418,0,0,,,,,,
2020-03-02,US,NE_Logan_County,-417,0,0,,,,,,
2020-03-03,US,NE_Logan_County,-416,0,0,,,,,,
2020-03-04,US,NE_Logan_County,-415,0,0,,,,,,
2020-03-05,US,NE_Logan_County,-414,0,0,,,,,,
2020-03-06,US,NE_Logan_County,-413,0,0,,,,,,
2020-03-07,US,NE_Logan_County,-412,0,0,,,,,,
2020-03-08,US,NE_Logan_County,-411,0,0,,,,,,
2020-03-09,US,NE_Logan_County,-410,0,0,,,,,,
2020-03-10,US,NE_Logan_County,-409,0,0,,,,,,
2020-03-11,US,NE_Logan_County,-408,0,0,,,,,,
2020-03-12,US,NE_Logan_County,-407,0,0,,,,,,
2020-03-13,US,NE_Logan_County,-406,0,0,,,,,,
2020-03-14,US,NE_Logan_County,-405,0,0,,,,,,
2020-03-15,US,NE_Logan_County,-404,0,0,,,,,,
2020-03-16,US,NE_Logan_County,-403,0,0,,,,,,
2020-03-17,US,NE_Logan_County,-402,0,0,,,,,,
2020-03-18,US,NE_Logan_County,-401,0,0,,,,,,
2020-03-19,US,NE_Logan_County,-400,0,0,,,,,,
2020-03-20,US,NE_Logan_County,-399,0,0,,,,,,
2020-03-21,US,NE_Logan_County,-398,0,0,,,,,,
2020-03-22,US,NE_Logan_County,-397,0,0,,,,,,
2020-03-23,US,NE_Logan_County,-396,0,0,,,,,,
2020-03-24,US,NE_Logan_County,-395,0,0,,,,,,
2020-03-25,US,NE_Logan_County,-394,0,0,,,,,,
2020-03-26,US,NE_Logan_County,-393,0,0,,,,,,
2020-03-27,US,NE_Logan_County,-392,0,0,,,,,,
2020-03-28,US,NE_Logan_County,-391,0,0,,,,,,
2020-03-29,US,NE_Logan_County,-390,0,0,,,,,,
2020-03-30,US,NE_Logan_County,-389,0,0,,,,,,
2020-03-31,US,NE_Logan_County,-388,0,0,,,,,,
2020-04-01,US,NE_Logan_County,-387,0,0,,,,,,
2020-04-02,US,NE_Logan_County,-386,0,0,,,,,,
2020-04-03,US,NE_Logan_County,-385,0,0,,,,,,
2020-04-04,US,NE_Logan_County,-384,0,0,,,,,,
2020-04-05,US,NE_Logan_County,-383,0,0,,,,,,
2020-04-06,US,NE_Logan_County,-382,0,0,,,,,,
2020-04-07,US,NE_Logan_County,-381,0,0,,,,,,
2020-04-08,US,NE_Logan_County,-380,0,0,,,,,,
2020-04-09,US,NE_Logan_County,-379,0,0,,,,,,
2020-04-10,US,NE_Logan_County,-378,0,0,,,,,,
2020-04-11,US,NE_Logan_County,-377,0,0,,,,,,
2020-04-12,US,NE_Logan_County,-376,0,0,,,,,,
2020-04-13,US,NE_Logan_County,-375,0,0,,,,,,
2020-04-14,US,NE_Logan_County,-374,0,0,,,,,,
2020-04-15,US,NE_Logan_County,-373,0,0,,,,,,
2020-04-16,US,NE_Logan_County,-372,0,0,,,,,,
2020-04-17,US,NE_Logan_County,-371,0,0,,,,,,
2020-04-18,US,NE_Logan_County,-370,0,0,,,,,,
2020-04-19,US,NE_Logan_County,-369,0,0,,,,,,
2020-04-20,US,NE_Logan_County,-368,0,0,,,,,,
2020-04-21,US,NE_Logan_County,-367,0,0,,,,,,
2020-04-22,US,NE_Logan_County,-366,0,0,,,,,,
2020-04-23,US,NE_Logan_County,-365,0,0,,,,,,
2020-04-24,US,NE_Logan_County,-364,0,0,,,,,,
2020-04-25,US,NE_Logan_County,-363,0,0,,,,,,
2020-04-26,US,NE_Logan_County,-362,0,0,,,,,,
2020-04-27,US,NE_Logan_County,-361,0,0,,,,,,
2020-04-28,US,NE_Logan_County,-360,0,0,,,,,,
2020-04-29,US,NE_Logan_County,-359,0,0,,,,,,
2020-04-30,US,NE_Logan_County,-358,0,0,,,,,,
2020-05-01,US,NE_Logan_County,-357,0,0,,,,,,
2020-05-02,US,NE_Logan_County,-356,0,0,,,,,,
2020-05-03,US,NE_Logan_County,-355,0,0,,,,,,
2020-05-04,US,NE_Logan_County,-354,0,0,,,,,,
2020-05-05,US,NE_Logan_County,-353,0,0,,,,,,
2020-05-06,US,NE_Logan_County,-352,0,0,,,,,,
2020-05-07,US,NE_Logan_County,-351,0,0,,,,,,
2020-05-08,US,NE_Logan_County,-350,0,0,,,,,,
2020-05-09,US,NE_Logan_County,-349,0,0,,,,,,
2020-05-10,US,NE_Logan_County,-348,0,0,,,,,,
2020-05-11,US,NE_Logan_County,-347,0,0,,,,,,
2020-05-12,US,NE_Logan_County,-346,0,0,,,,,,
2020-05-13,US,NE_Logan_County,-345,0,0,,,,,,
2020-05-14,US,NE_Logan_County,-344,0,0,,,,,,
2020-05-15,US,NE_Logan_County,-343,0,0,,,,,,
2020-05-16,US,NE_Logan_County,-342,0,0,,,,,,
2020-05-17,US,NE_Logan_County,-341,0,0,,,,,,
2020-05-18,US,NE_Logan_County,-340,0,0,,,,,,
2020-05-19,US,NE_Logan_County,-339,0,0,,,,,,
2020-05-20,US,NE_Logan_County,-338,0,0,,,,,,
2020-05-21,US,NE_Logan_County,-337,0,0,,,,,,
2020-05-22,US,NE_Logan_County,-336,0,0,,,,,,
2020-05-23,US,NE_Logan_County,-335,0,0,,,,,,
2020-05-24,US,NE_Logan_County,-334,0,0,,,,,,
2020-05-25,US,NE_Logan_County,-333,0,0,,,,,,
2020-05-26,US,NE_Logan_County,-332,0,0,,,,,,
2020-05-27,US,NE_Logan_County,-331,0,0,,,,,,
2020-05-28,US,NE_Logan_County,-330,0,0,,,,,,
2020-05-29,US,NE_Logan_County,-329,0,0,,,,,,
2020-05-30,US,NE_Logan_County,-328,0,0,,,,,,
2020-05-31,US,NE_Logan_County,-327,0,0,,,,,,
2020-06-01,US,NE_Logan_County,-326,0,0,,,,,,
2020-06-02,US,NE_Logan_County,-325,0,0,,,,,,
2020-06-03,US,NE_Logan_County,-324,0,0,,,,,,
2020-06-04,US,NE_Logan_County,-323,0,0,,,,,,
2020-06-05,US,NE_Logan_County,-322,0,0,,,,,,
2020-06-06,US,NE_Logan_County,-321,0,0,,,,,,
2020-06-07,US,NE_Logan_County,-320,0,0,,,,,,
2020-06-08,US,NE_Logan_County,-319,0,0,,,,,,
2020-06-09,US,NE_Logan_County,-318,0,0,,,,,,
2020-06-10,US,NE_Logan_County,-317,0,0,,,,,,
2020-06-11,US,NE_Logan_County,-316,0,0,,,,,,
2020-06-12,US,NE_Logan_County,-315,0,0,,,,,,
2020-06-13,US,NE_Logan_County,-314,0,0,,,,,,
2020-06-14,US,NE_Logan_County,-313,0,0,,,,,,
2020-06-15,US,NE_Logan_County,-312,0,0,,,,,,
2020-06-16,US,NE_Logan_County,-311,0,0,,,,,,
2020-06-17,US,NE_Logan_County,-310,0,0,,,,,,
2020-06-18,US,NE_Logan_County,-309,0,0,,,,,,
2020-06-19,US,NE_Logan_County,-308,0,0,,,,,,
2020-06-20,US,NE_Logan_County,-307,0,0,,,,,,
2020-06-21,US,NE_Logan_County,-306,0,0,,,,,,
2020-06-22,US,NE_Logan_County,-305,0,0,,,,,,
2020-06-23,US,NE_Logan_County,-304,0,0,,,,,,
2020-06-24,US,NE_Logan_County,-303,0,0,,,,,,
2020-06-25,US,NE_Logan_County,-302,0,0,,,,,,
2020-06-26,US,NE_Logan_County,-301,0,0,,,,,,
2020-06-27,US,NE_Logan_County,-300,0,0,,,,,,
2020-06-28,US,NE_Logan_County,-299,0,0,,,,,,
2020-06-29,US,NE_Logan_County,-298,0,0,,,,,,
2020-06-30,US,NE_Logan_County,-297,0,0,,,,,,
2020-07-01,US,NE_Logan_County,-296,0,0,,,,,,
2020-07-02,US,NE_Logan_County,-295,0,0,,,,,,
2020-07-03,US,NE_Logan_County,-294,0,0,,,,,,
2020-07-04,US,NE_Logan_County,-293,0,0,,,,,,
2020-07-05,US,NE_Logan_County,-292,0,0,,,,,,
2020-07-06,US,NE_Logan_County,-291,0,0,,,,,,
2020-07-07,US,NE_Logan_County,-290,0,0,,,,,,
2020-07-08,US,NE_Logan_County,-289,0,0,,,,,,
2020-07-09,US,NE_Logan_County,-288,0,0,,,,,,
2020-07-10,US,NE_Logan_County,-287,0,0,,,,,,
2020-07-11,US,NE_Logan_County,-286,0,0,,,,,,
2020-07-12,US,NE_Logan_County,-285,0,0,,,,,,
2020-07-13,US,NE_Logan_County,-284,0,0,,,,,,
2020-07-14,US,NE_Logan_County,-283,0,0,,,,,,
2020-07-15,US,NE_Logan_County,-282,0,0,,,,,,
2020-07-16,US,NE_Logan_County,-281,0,0,,,,,,
2020-07-17,US,NE_Logan_County,-280,0,0,,,,,,
2020-07-18,US,NE_Logan_County,-279,0,0,,,,,,
2020-07-19,US,NE_Logan_County,-278,0,0,,,,,,
2020-07-20,US,NE_Logan_County,-277,0,0,,,,,,
2020-07-21,US,NE_Logan_County,-276,0,0,,,,,,
2020-07-22,US,NE_Logan_County,-275,0,0,,,,,,
2020-07-23,US,NE_Logan_County,-274,0,0,,,,,,
2020-07-24,US,NE_Logan_County,-273,0,0,,,,,,
2020-07-25,US,NE_Logan_County,-272,0,0,,,,,,
2020-07-26,US,NE_Logan_County,-271,0,0,,,,,,
2020-07-27,US,NE_Logan_County,-270,0,0,,,,,,
2020-07-28,US,NE_Logan_County,-269,0,0,,,,,,
2020-07-29,US,NE_Logan_County,-268,0,0,,,,,,
2020-07-30,US,NE_Logan_County,-267,0,0,,,,,,
2020-07-31,US,NE_Logan_County,-266,0,0,,,,,,
2020-08-01,US,NE_Logan_County,-265,0,0,,,,,,
2020-08-02,US,NE_Logan_County,-264,0,0,,,,,,
2020-08-03,US,NE_Logan_County,-263,0,0,,,,,,
2020-08-04,US,NE_Logan_County,-262,0,0,,,,,,
2020-08-05,US,NE_Logan_County,-261,0,0,,,,,,
2020-08-06,US,NE_Logan_County,-260,0,0,,,,,,
2020-08-07,US,NE_Logan_County,-259,0,0,,,,,,
2020-08-08,US,NE_Logan_County,-258,0,0,,,,,,
2020-08-09,US,NE_Logan_County,-257,0,0,,,,,,
2020-08-10,US,NE_Logan_County,-256,0,0,,,,,,
2020-08-11,US,NE_Logan_County,-255,0,0,,,,,,
2020-08-12,US,NE_Logan_County,-254,0,0,,,,,,
2020-08-13,US,NE_Logan_County,-253,0,0,,,,,,
2020-08-14,US,NE_Logan_County,-252,0,0,,,,,,
2020-08-15,US,NE_Logan_County,-251,0,0,,,,,,
2020-08-16,US,NE_Logan_County,-250,0,0,,,,,,
2020-08-17,US,NE_Logan_County,-249,0,0,,,,,,
2020-08-18,US,NE_Logan_County,-248,1,0,,,,,,
2020-08-19,US,NE_Logan_County,-247,1,0,,,,,,
2020-08-20,US,NE_Logan_County,-246,2,0,,,,,,
2020-08-21,US,NE_Logan_County,-245,2,0,,,,,,
2020-08-22,US,NE_Logan_County,-244,2,0,,,,,,
2020-08-23,US,NE_Logan_County,-243,3,0,,,,,,
2020-08-24,US,NE_Logan_County,-242,3,0,,,,,,
2020-08-25,US,NE_Logan_County,-241,3,0,,,,,,
2020-08-26,US,NE_Logan_County,-240,3,0,,,,,,
2020-08-27,US,NE_Logan_County,-239,3,0,,,,,,
2020-08-28,US,NE_Logan_County,-238,3,0,,,,,,
2020-08-29,US,NE_Logan_County,-237,3,0,,,,,,
2020-08-30,US,NE_Logan_County,-236,3,0,,,,,,
2020-08-31,US,NE_Logan_County,-235,3,0,,,,,,
2020-09-01,US,NE_Logan_County,-234,3,0,,,,,,
2020-09-02,US,NE_Logan_County,-233,3,0,,,,,,
2020-09-03,US,NE_Logan_County,-232,5,0,,,,,,
2020-09-04,US,NE_Logan_County,-231,5,0,,,,,,
2020-09-05,US,NE_Logan_County,-230,5,0,,,,,,
2020-09-06,US,NE_Logan_County,-229,5,0,,,,,,
2020-09-07,US,NE_Logan_County,-228,5,0,,,,,,
2020-09-08,US,NE_Logan_County,-227,5,0,,,,,,
2020-09-09,US,NE_Logan_County,-226,6,0,,,,,,
2020-09-10,US,NE_Logan_County,-225,6,0,,,,,,
2020-09-11,US,NE_Logan_County,-224,6,0,,,,,,
2020-09-12,US,NE_Logan_County,-223,6,0,,,,,,
2020-09-13,US,NE_Logan_County,-222,6,0,,,,,,
2020-09-14,US,NE_Logan_County,-221,6,0,,,,,,
2020-09-15,US,NE_Logan_County,-220,6,0,,,,,,
2020-09-16,US,NE_Logan_County,-219,6,0,,,,,,
2020-09-17,US,NE_Logan_County,-218,6,0,,,,,,
2020-09-18,US,NE_Logan_County,-217,6,0,,,,,,
2020-09-19,US,NE_Logan_County,-216,6,0,,,,,,
2020-09-20,US,NE_Logan_County,-215,6,0,,,,,,
2020-09-21,US,NE_Logan_County,-214,6,0,,,,,,
2020-09-22,US,NE_Logan_County,-213,6,0,,,,,,
2020-09-23,US,NE_Logan_County,-212,6,0,,,,,,
2020-09-24,US,NE_Logan_County,-211,6,0,,,,,,
2020-09-25,US,NE_Logan_County,-210,6,0,,,,,,
2020-09-26,US,NE_Logan_County,-209,6,0,,,,,,
2020-09-27,US,NE_Logan_County,-208,6,0,,,,,,
2020-09-28,US,NE_Logan_County,-207,6,0,,,,,,
2020-09-29,US,NE_Logan_County,-206,6,0,,,,,,
2020-09-30,US,NE_Logan_County,-205,6,0,,,,,,
2020-10-01,US,NE_Logan_County,-204,6,0,,,,,,
2020-10-02,US,NE_Logan_County,-203,6,0,,,,,,
2020-10-03,US,NE_Logan_County,-202,7,0,,,,,,
2020-10-04,US,NE_Logan_County,-201,7,0,,,,,,
2020-10-05,US,NE_Logan_County,-200,7,0,,,,,,
2020-10-06,US,NE_Logan_County,-199,7,0,,,,,,
2020-10-07,US,NE_Logan_County,-198,7,0,,,,,,
2020-10-08,US,NE_Logan_County,-197,7,0,,,,,,
2020-10-09,US,NE_Logan_County,-196,7,0,,,,,,
2020-10-10,US,NE_Logan_County,-195,7,0,,,,,,
2020-10-11,US,NE_Logan_County,-194,7,0,,,,,,
2020-10-12,US,NE_Logan_County,-193,7,0,,,,,,
2020-10-13,US,NE_Logan_County,-192,7,0,,,,,,
2020-10-14,US,NE_Logan_County,-191,7,0,,,,,,
2020-10-15,US,NE_Logan_County,-190,8,0,,,,,,
2020-10-16,US,NE_Logan_County,-189,8,0,,,,,,
2020-10-17,US,NE_Logan_County,-188,8,0,,,,,,
2020-10-18,US,NE_Logan_County,-187,8,0,,,,,,
2020-10-19,US,NE_Logan_County,-186,8,0,,,,,,
2020-10-20,US,NE_Logan_County,-185,8,0,,,,,,
2020-10-21,US,NE_Logan_County,-184,9,0,,,,,,
2020-10-22,US,NE_Logan_County,-183,9,0,,,,,,
2020-10-23,US,NE_Logan_County,-182,9,0,,,,,,
2020-10-24,US,NE_Logan_County,-181,10,0,,,,,,
2020-10-25,US,NE_Logan_County,-180,10,0,,,,,,
2020-10-26,US,NE_Logan_County,-179,10,0,,,,,,
2020-10-27,US,NE_Logan_County,-178,10,0,,,,,,
2020-10-28,US,NE_Logan_County,-177,10,0,,,,,,
2020-10-29,US,NE_Logan_County,-176,10,0,,,,,,
2020-10-30,US,NE_Logan_County,-175,10,0,,,,,,
2020-10-31,US,NE_Logan_County,-174,11,0,,,,,,
2020-11-01,US,NE_Logan_County,-173,12,0,,,,,,
2020-11-02,US,NE_Logan_County,-172,12,0,,,,,,
2020-11-03,US,NE_Logan_County,-171,12,0,,,,,,
2020-11-04,US,NE_Logan_County,-170,12,0,,,,,,
2020-11-05,US,NE_Logan_County,-169,12,0,,,,,,
2020-11-06,US,NE_Logan_County,-168,15,0,,,,,,
2020-11-07,US,NE_Logan_County,-167,17,0,,,,,,
2020-11-08,US,NE_Logan_County,-166,18,0,,,,,,
2020-11-09,US,NE_Logan_County,-165,18,0,,,,,,
2020-11-10,US,NE_Logan_County,-164,18,0,,,,,,
2020-11-11,US,NE_Logan_County,-163,18,0,,,,,,
2020-11-12,US,NE_Logan_County,-162,19,0,,,,,,
2020-11-13,US,NE_Logan_County,-161,20,0,,,,,,
2020-11-14,US,NE_Logan_County,-160,21,0,,,,,,
2020-11-15,US,NE_Logan_County,-159,21,0,,,,,,
2020-11-16,US,NE_Logan_County,-158,22,0,,,,,,
2020-11-17,US,NE_Logan_County,-157,24,0,,,,,,
2020-11-18,US,NE_Logan_County,-156,27,0,,,,,,
2020-11-19,US,NE_Logan_County,-155,30,0,,,,,,
2020-11-20,US,NE_Logan_County,-154,32,0,,,,,,
2020-11-21,US,NE_Logan_County,-153,32,0,,,,,,
2020-11-22,US,NE_Logan_County,-152,32,0,,,,,,
2020-11-23,US,NE_Logan_County,-151,37,0,,,,,,
2020-11-24,US,NE_Logan_County,-150,41,0,,,,,,
2020-11-25,US,NE_Logan_County,-149,41,0,,,,,,
2020-11-26,US,NE_Logan_County,-148,45,0,,,,,,
2020-11-27,US,NE_Logan_County,-147,46,0,,,,,,
2020-11-28,US,NE_Logan_County,-146,47,0,,,,,,
2020-11-29,US,NE_Logan_County,-145,48,0,,,,,,
2020-11-30,US,NE_Logan_County,-144,48,0,,,,,,
2020-12-01,US,NE_Logan_County,-143,49,0,,,,,,
2020-12-02,US,NE_Logan_County,-142,49,0,,,,,,
2020-12-03,US,NE_Logan_County,-141,49,0,,,,,,
2020-12-04,US,NE_Logan_County,-140,50,0,,,,,,
2020-12-05,US,NE_Logan_County,-139,50,0,,,,,,
2020-12-06,US,NE_Logan_County,-138,53,0,,,,,,
2020-12-07,US,NE_Logan_County,-137,53,0,,,,,,
2020-12-08,US,NE_Logan_County,-136,53,0,,,,,,
2020-12-09,US,NE_Logan_County,-135,53,0,,,,,,
2020-12-10,US,NE_Logan_County,-134,53,0,,,,,,
2020-12-11,US,NE_Logan_County,-133,53,0,,,,,,
2020-12-12,US,NE_Logan_County,-132,53,0,,,,,,
2020-12-13,US,NE_Logan_County,-131,53,0,,,,,,
2020-12-14,US,NE_Logan_County,-130,56,0,,,,,,
2020-12-15,US,NE_Logan_County,-129,56,0,,,,,,
2020-12-16,US,NE_Logan_County,-128,58,0,,,,,,
2020-12-17,US,NE_Logan_County,-127,58,0,,,,,,
2020-12-18,US,NE_Logan_County,-126,58,0,,,,,,
2020-12-19,US,NE_Logan_County,-125,59,0,,,,,,
2020-12-20,US,NE_Logan_County,-124,60,0,,,,,,
2020-12-21,US,NE_Logan_County,-123,60,0,,,,,,
2020-12-22,US,NE_Logan_County,-122,60,0,,,,,,
2020-12-23,US,NE_Logan_County,-121,61,0,,,,,,
2020-12-24,US,NE_Logan_County,-120,63,0,,,,,,
2020-12-25,US,NE_Logan_County,-119,63,0,,,,,,
2020-12-26,US,NE_Logan_County,-118,64,0,,,,,,
2020-12-27,US,NE_Logan_County,-117,65,0,,,,,,
2020-12-28,US,NE_Logan_County,-116,65,0,,,,,,
2020-12-29,US,NE_Logan_County,-115,68,0,,,,,,
2020-12-30,US,NE_Logan_County,-114,68,0,,,,,,
2020-12-31,US,NE_Logan_County,-113,69,0,,,,,,
2021-01-01,US,NE_Logan_County,-112,69,0,,,,,,
2021-01-02,US,NE_Logan_County,-111,69,0,,,,,,
2021-01-03,US,NE_Logan_County,-110,69,0,,,,,,
2021-01-04,US,NE_Logan_County,-109,69,0,,,,,,
2021-01-05,US,NE_Logan_County,-108,69,0,,,,,,
2021-01-06,US,NE_Logan_County,-107,69,0,,,,,,
2021-01-07,US,NE_Logan_County,-106,69,0,,,,,,
2021-01-08,US,NE_Logan_County,-105,69,0,,,,,,
2021-01-09,US,NE_Logan_County,-104,69,0,,,,,,
2021-01-10,US,NE_Logan_County,-103,69,0,,,,,,
2021-01-11,US,NE_Logan_County,-102,69,0,,,,,,
2021-01-12,US,NE_Logan_County,-101,69,0,,,,,,
2021-01-13,US,NE_Logan_County,-100,70,0,,,,,,
2021-01-14,US,NE_Logan_County,-99,70,0,,,,,,
2021-01-15,US,NE_Logan_County,-98,71,0,,,,,,
2021-01-16,US,NE_Logan_County,-97,71,0,,,,,,
2021-01-17,US,NE_Logan_County,-96,71,0,,,,,,
2021-01-18,US,NE_Logan_County,-95,71,0,,,,,,
2021-01-19,US,NE_Logan_County,-94,71,0,,,,,,
2021-01-20,US,NE_Logan_County,-93,71,0,,,,,,
2021-01-21,US,NE_Logan_County,-92,71,0,,,,,,
2021-01-22,US,NE_Logan_County,-91,72,0,,,,,,
2021-01-23,US,NE_Logan_County,-90,72,0,,,,,,
2021-01-24,US,NE_Logan_County,-89,72,0,,,,,,
2021-01-25,US,NE_Logan_County,-88,72,0,,,,,,
2021-01-26,US,NE_Logan_County,-87,72,0,,,,,,
2021-01-27,US,NE_Logan_County,-86,72,0,,,,,,
2021-01-28,US,NE_Logan_County,-85,72,0,,,,,,
2021-01-29,US,NE_Logan_County,-84,72,0,,,,,,
2021-01-30,US,NE_Logan_County,-83,72,0,,,,,,
2021-01-31,US,NE_Logan_County,-82,72,0,,,,,,
2021-02-01,US,NE_Logan_County,-81,72,0,,,,,,
2021-02-02,US,NE_Logan_County,-80,73,0,,,,,,
2021-02-03,US,NE_Logan_County,-79,73,0,,,,,,
2021-02-04,US,NE_Logan_County,-78,73,0,,,,,,
2021-02-05,US,NE_Logan_County,-77,74,0,,,,,,
2021-02-06,US,NE_Logan_County,-76,74,0,,,,,,
2021-02-07,US,NE_Logan_County,-75,74,0,,,,,,
2021-02-08,US,NE_Logan_County,-74,74,0,,,,,,
2021-02-09,US,NE_Logan_County,-73,74,0,,,,,,
2021-02-10,US,NE_Logan_County,-72,74,0,,,,,,
2021-02-11,US,NE_Logan_County,-71,74,0,,,,,,
2021-02-12,US,NE_Logan_County,-70,74,0,,,,,,
2021-02-13,US,NE_Logan_County,-69,74,0,,,,,,
2021-02-14,US,NE_Logan_County,-68,74,0,,,,,,
2021-02-15,US,NE_Logan_County,-67,74,0,,,,,,
2021-02-16,US,NE_Logan_County,-66,74,0,,,,,,
2021-02-17,US,NE_Logan_County,-65,74,0,,,,,,
2021-02-18,US,NE_Logan_County,-64,75,0,,,,,,
2021-02-19,US,NE_Logan_County,-63,76,0,,,,,,
2021-02-20,US,NE_Logan_County,-62,76,0,,,,,,
2021-02-21,US,NE_Logan_County,-61,76,0,,,,,,
2021-02-22,US,NE_Logan_County,-60,76,0,,,,,,
2021-02-23,US,NE_Logan_County,-59,76,0,,,,,,
2021-02-24,US,NE_Logan_County,-58,76,0,,,,,,
2021-02-25,US,NE_Logan_County,-57,76,0,,,,,,
2021-02-26,US,NE_Logan_County,-56,76,0,,,,,,
2021-02-27,US,NE_Logan_County,-55,76,0,,,,,,
2021-02-28,US,NE_Logan_County,-54,76,0,,,,,,
2021-03-01,US,NE_Logan_County,-53,76,0,,,,,,
2021-03-02,US,NE_Logan_County,-52,76,0,,,,,,
2021-03-03,US,NE_Logan_County,-51,76,0,,,,,,
2021-03-04,US,NE_Logan_County,-50,76,0,,,,,,
2021-03-05,US,NE_Logan_County,-49,76,0,,,,,,
2021-03-06,US,NE_Logan_County,-48,76,0,,,,,,
2021-03-07,US,NE_Logan_County,-47,76,0,,,,,,
2021-03-08,US,NE_Logan_County,-46,76,0,,,,,,
2021-03-09,US,NE_Logan_County,-45,76,0,,,,,,
2021-03-10,US,NE_Logan_County,-44,76,0,,,,,,
2021-03-11,US,NE_Logan_County,-43,76,0,,,,,,
2021-03-12,US,NE_Logan_County,-42,78,0,,,,,,
2021-03-13,US,NE_Logan_County,-41,78,0,,,,,,
2021-03-14,US,NE_Logan_County,-40,78,0,,,,,,
2021-03-15,US,NE_Logan_County,-39,78,0,,,,,,
2021-03-16,US,NE_Logan_County,-38,78,0,,,,,,
2021-03-17,US,NE_Logan_County,-37,78,0,,,,,,
2021-03-18,US,NE_Logan_County,-36,78,0,,,,,,
2021-03-19,US,NE_Logan_County,-35,78,0,,,,,,
2021-03-20,US,NE_Logan_County,-34,78,0,,,,,,
2021-03-21,US,NE_Logan_County,-33,78,0,,,,,,
2021-03-22,US,NE_Logan_County,-32,78,0,,,,,,
2021-03-23,US,NE_Logan_County,-31,78,0,,,,,,
2021-03-24,US,NE_Logan_County,-30,78,0,,,,,,
2021-03-25,US,NE_Logan_County,-29,78,0,,,,,,
2021-03-26,US,NE_Logan_County,-28,79,0,,,,,,
2021-03-27,US,NE_Logan_County,-27,79,0,,,,,,
2021-03-28,US,NE_Logan_County,-26,79,0,,,,,,
2021-03-29,US,NE_Logan_County,-25,79,0,,,,,,
2021-03-30,US,NE_Logan_County,-24,79,0,,,,,,
2021-03-31,US,NE_Logan_County,-23,79,0,,,,,,
2021-04-01,US,NE_Logan_County,-22,79,0,,,,,,
2021-04-02,US,NE_Logan_County,-21,79,0,,,,,,
2021-04-03,US,NE_Logan_County,-20,79,0,,,,,,
2021-04-04,US,NE_Logan_County,-19,79,0,,,,,,
2021-04-05,US,NE_Logan_County,-18,79,0,,,,,,
2021-04-06,US,NE_Logan_County,-17,79,0,,,,,,
2021-04-07,US,NE_Logan_County,-16,79,0,,,,,,
2021-04-08,US,NE_Logan_County,-15,79,0,,,,,,
2021-04-09,US,NE_Logan_County,-14,79,0,,,,,,
2021-04-10,US,NE_Logan_County,-13,79,0,,,,,,
2021-04-11,US,NE_Logan_County,-12,79,0,,,,,,
2021-04-12,US,NE_Logan_County,-11,79,0,,,,,,
2021-04-13,US,NE_Logan_County,-10,79,0,,,,,,
2021-04-14,US,NE_Logan_County,-9,79,0,,,,,,
2021-04-15,US,NE_Logan_County,-8,80,0,,,,,,
2021-04-16,US,NE_Logan_County,-7,80,0,,,,,,
2021-04-17,US,NE_Logan_County,-6,80,0,,,,,,
2021-04-18,US,NE_Logan_County,-5,80,0,,,,,,
2021-04-19,US,NE_Logan_County,-4,80,0,,,,,,
2021-04-20,US,NE_Logan_County,-3,80,0,,,,,,
2021-04-21,US,NE_Logan_County,-2,80,0,,,,,,
2021-04-22,US,NE_Logan_County,-1,80,0,,,,,,
