date,country,province,day_since100,case_cnt,death_cnt,new_hospitalization,total_hospitalization,new_icu,total_icu,new_recovered,total_recovered
2020-01-22,US,PA_Butler_County,-76,0,0,,,,,,
2020-01-23,US,PA_Butler_County,-75,0,0,,,,,,
2020-01-24,US,PA_Butler_County,-74,0,0,,,,,,
2020-01-25,US,PA_Butler_County,-73,0,0,,,,,,
2020-01-26,US,PA_Butler_County,-72,0,0,,,,,,
2020-01-27,US,PA_Butler_County,-71,0,0,,,,,,
2020-01-28,US,PA_Butler_County,-70,0,0,,,,,,
2020-01-29,US,PA_Butler_County,-69,0,0,,,,,,
2020-01-30,US,PA_Butler_County,-68,0,0,,,,,,
2020-01-31,US,PA_Butler_County,-67,0,0,,,,,,
2020-02-01,US,PA_Butler_County,-66,0,0,,,,,,
2020-02-02,US,PA_Butler_County,-65,0,0,,,,,,
2020-02-03,US,PA_Butler_County,-64,0,0,,,,,,
2020-02-04,US,PA_Butler_County,-63,0,0,,,,,,
2020-02-05,US,PA_Butler_County,-62,0,0,,,,,,
2020-02-06,US,PA_Butler_County,-61,0,0,,,,,,
2020-02-07,US,PA_Butler_County,-60,0,0,,,,,,
2020-02-08,US,PA_Butler_County,-59,0,0,,,,,,
2020-02-09,US,PA_Butler_County,-58,0,0,,,,,,
2020-02-10,US,PA_Butler_County,-57,0,0,,,,,,
2020-02-11,US,PA_Butler_County,-56,0,0,,,,,,
2020-02-12,US,PA_Butler_County,-55,0,0,,,,,,
2020-02-13,US,PA_Butler_County,-54,0,0,,,,,,
2020-02-14,US,PA_Butler_County,-53,0,0,,,,,,
2020-02-15,US,PA_Butler_County,-52,0,0,,,,,,
2020-02-16,US,PA_Butler_County,-51,0,0,,,,,,
2020-02-17,US,PA_Butler_County,-50,0,0,,,,,,
2020-02-18,US,PA_Butler_County,-49,0,0,,,,,,
2020-02-19,US,PA_Butler_County,-48,0,0,,,,,,
2020-02-20,US,PA_Butler_County,-47,0,0,,,,,,
2020-02-21,US,PA_Butler_County,-46,0,0,,,,,,
2020-02-22,US,PA_Butler_County,-45,0,0,,,,,,
2020-02-23,US,PA_Butler_County,-44,0,0,,,,,,
2020-02-24,US,PA_Butler_County,-43,0,0,,,,,,
2020-02-25,US,PA_Butler_County,-42,0,0,,,,,,
2020-02-26,US,PA_Butler_County,-41,0,0,,,,,,
2020-02-27,US,PA_Butler_County,-40,0,0,,,,,,
2020-02-28,US,PA_Butler_County,-39,0,0,,,,,,
2020-02-29,US,PA_Butler_County,-38,0,0,,,,,,
2020-03-01,US,PA_Butler_County,-37,0,0,,,,,,
2020-03-02,US,PA_Butler_County,-36,0,0,,,,,,
2020-03-03,US,PA_Butler_County,-35,0,0,,,,,,
2020-03-04,US,PA_Butler_County,-34,0,0,,,,,,
2020-03-05,US,PA_Butler_County,-33,0,0,,,,,,
2020-03-06,US,PA_Butler_County,-32,0,0,,,,,,
2020-03-07,US,PA_Butler_County,-31,0,0,,,,,,
2020-03-08,US,PA_Butler_County,-30,0,0,,,,,,
2020-03-09,US,PA_Butler_County,-29,0,0,,,,,,
2020-03-10,US,PA_Butler_County,-28,0,0,,,,,,
2020-03-11,US,PA_Butler_County,-27,0,0,,,,,,
2020-03-12,US,PA_Butler_County,-26,0,0,,,,,,
2020-03-13,US,PA_Butler_County,-25,0,0,,,,,,
2020-03-14,US,PA_Butler_County,-24,0,0,,,,,,
2020-03-15,US,PA_Butler_County,-23,0,0,,,,,,
2020-03-16,US,PA_Butler_County,-22,0,0,,,,,,
2020-03-17,US,PA_Butler_County,-21,0,0,,,,,,
2020-03-18,US,PA_Butler_County,-20,0,0,,,,,,
2020-03-19,US,PA_Butler_County,-19,0,0,,,,,,
2020-03-20,US,PA_Butler_County,-18,0,0,,,,,,
2020-03-21,US,PA_Butler_County,-17,1,0,,,,,,
2020-03-22,US,PA_Butler_County,-16,1,0,,,,,,
2020-03-23,US,PA_Butler_County,-15,5,0,,,,,,
2020-03-24,US,PA_Butler_County,-14,6,0,,,,,,
2020-03-25,US,PA_Butler_County,-13,12,0,,,,,,
2020-03-26,US,PA_Butler_County,-12,19,1,,,,,,
2020-03-27,US,PA_Butler_County,-11,26,1,,,,,,
2020-03-28,US,PA_Butler_County,-10,41,2,,,,,,
2020-03-29,US,PA_Butler_County,-9,47,2,,,,,,
2020-03-30,US,PA_Butler_County,-8,49,2,,,,,,
2020-03-31,US,PA_Butler_County,-7,60,2,,,,,,
2020-04-01,US,PA_Butler_County,-6,64,2,,,,,,
2020-04-02,US,PA_Butler_County,-5,69,2,,,,,,
2020-04-03,US,PA_Butler_County,-4,75,2,,,,,,
2020-04-04,US,PA_Butler_County,-3,84,2,,,,,,
2020-04-05,US,PA_Butler_County,-2,87,2,,,,,,
2020-04-06,US,PA_Butler_County,-1,91,2,,,,,,
2020-04-07,US,PA_Butler_County,0,107,2,,,,,,
2020-04-08,US,PA_Butler_County,1,113,2,,,,,,
2020-04-09,US,PA_Butler_County,2,113,2,,,,,,
2020-04-10,US,PA_Butler_County,3,123,3,,,,,,
2020-04-11,US,PA_Butler_County,4,128,3,,,,,,
2020-04-12,US,PA_Butler_County,5,133,4,,,,,,
2020-04-13,US,PA_Butler_County,6,143,4,,,,,,
2020-04-14,US,PA_Butler_County,7,143,5,,,,,,
2020-04-15,US,PA_Butler_County,8,150,5,,,,,,
2020-04-16,US,PA_Butler_County,9,154,5,,,,,,
2020-04-17,US,PA_Butler_County,10,157,5,,,,,,
2020-04-18,US,PA_Butler_County,11,160,5,,,,,,
2020-04-19,US,PA_Butler_County,12,161,5,,,,,,
2020-04-20,US,PA_Butler_County,13,161,5,,,,,,
2020-04-21,US,PA_Butler_County,14,162,6,,,,,,
2020-04-22,US,PA_Butler_County,15,164,6,,,,,,
2020-04-23,US,PA_Butler_County,16,164,6,,,,,,
2020-04-24,US,PA_Butler_County,17,168,6,,,,,,
2020-04-25,US,PA_Butler_County,18,168,6,,,,,,
2020-04-26,US,PA_Butler_County,19,170,6,,,,,,
2020-04-27,US,PA_Butler_County,20,170,6,,,,,,
2020-04-28,US,PA_Butler_County,21,174,6,,,,,,
2020-04-29,US,PA_Butler_County,22,175,6,,,,,,
2020-04-30,US,PA_Butler_County,23,178,6,,,,,,
2020-05-01,US,PA_Butler_County,24,180,6,,,,,,
2020-05-02,US,PA_Butler_County,25,180,6,,,,,,
2020-05-03,US,PA_Butler_County,26,180,6,,,,,,
2020-05-04,US,PA_Butler_County,27,180,6,,,,,,
2020-05-05,US,PA_Butler_County,28,184,6,,,,,,
2020-05-06,US,PA_Butler_County,29,185,6,,,,,,
2020-05-07,US,PA_Butler_County,30,190,6,,,,,,
2020-05-08,US,PA_Butler_County,31,192,6,,,,,,
2020-05-09,US,PA_Butler_County,32,194,6,,,,,,
2020-05-10,US,PA_Butler_County,33,195,6,,,,,,
2020-05-11,US,PA_Butler_County,34,195,6,,,,,,
2020-05-12,US,PA_Butler_County,35,197,6,,,,,,
2020-05-13,US,PA_Butler_County,36,197,6,,,,,,
2020-05-14,US,PA_Butler_County,37,199,6,,,,,,
2020-05-15,US,PA_Butler_County,38,202,6,,,,,,
2020-05-16,US,PA_Butler_County,39,202,6,,,,,,
2020-05-17,US,PA_Butler_County,40,203,6,,,,,,
2020-05-18,US,PA_Butler_County,41,203,12,,,,,,
2020-05-19,US,PA_Butler_County,42,206,12,,,,,,
2020-05-20,US,PA_Butler_County,43,208,12,,,,,,
2020-05-21,US,PA_Butler_County,44,209,12,,,,,,
2020-05-22,US,PA_Butler_County,45,209,12,,,,,,
2020-05-23,US,PA_Butler_County,46,216,12,,,,,,
2020-05-24,US,PA_Butler_County,47,219,12,,,,,,
2020-05-25,US,PA_Butler_County,48,220,12,,,,,,
2020-05-26,US,PA_Butler_County,49,220,12,,,,,,
2020-05-27,US,PA_Butler_County,50,222,12,,,,,,
2020-05-28,US,PA_Butler_County,51,226,12,,,,,,
2020-05-29,US,PA_Butler_County,52,227,12,,,,,,
2020-05-30,US,PA_Butler_County,53,229,12,,,,,,
2020-05-31,US,PA_Butler_County,54,230,12,,,,,,
2020-06-01,US,PA_Butler_County,55,230,12,,,,,,
2020-06-02,US,PA_Butler_County,56,232,12,,,,,,
2020-06-03,US,PA_Butler_County,57,235,12,,,,,,
2020-06-04,US,PA_Butler_County,58,239,12,,,,,,
2020-06-05,US,PA_Butler_County,59,239,12,,,,,,
2020-06-06,US,PA_Butler_County,60,244,12,,,,,,
2020-06-07,US,PA_Butler_County,61,247,12,,,,,,
2020-06-08,US,PA_Butler_County,62,247,12,,,,,,
2020-06-09,US,PA_Butler_County,63,249,12,,,,,,
2020-06-10,US,PA_Butler_County,64,250,12,,,,,,
2020-06-11,US,PA_Butler_County,65,255,12,,,,,,
2020-06-12,US,PA_Butler_County,66,256,12,,,,,,
2020-06-13,US,PA_Butler_County,67,257,12,,,,,,
2020-06-14,US,PA_Butler_County,68,257,12,,,,,,
2020-06-15,US,PA_Butler_County,69,257,12,,,,,,
2020-06-16,US,PA_Butler_County,70,260,12,,,,,,
2020-06-17,US,PA_Butler_County,71,263,13,,,,,,
2020-06-18,US,PA_Butler_County,72,263,13,,,,,,
2020-06-19,US,PA_Butler_County,73,263,13,,,,,,
2020-06-20,US,PA_Butler_County,74,263,13,,,,,,
2020-06-21,US,PA_Butler_County,75,268,13,,,,,,
2020-06-22,US,PA_Butler_County,76,271,13,,,,,,
2020-06-23,US,PA_Butler_County,77,273,13,,,,,,
2020-06-24,US,PA_Butler_County,78,277,13,,,,,,
2020-06-25,US,PA_Butler_County,79,280,13,,,,,,
2020-06-26,US,PA_Butler_County,80,284,13,,,,,,
2020-06-27,US,PA_Butler_County,81,291,13,,,,,,
2020-06-28,US,PA_Butler_County,82,295,13,,,,,,
2020-06-29,US,PA_Butler_County,83,302,13,,,,,,
2020-06-30,US,PA_Butler_County,84,307,13,,,,,,
2020-07-01,US,PA_Butler_County,85,311,13,,,,,,
2020-07-02,US,PA_Butler_County,86,319,13,,,,,,
2020-07-03,US,PA_Butler_County,87,330,13,,,,,,
2020-07-04,US,PA_Butler_County,88,340,13,,,,,,
2020-07-05,US,PA_Butler_County,89,346,13,,,,,,
2020-07-06,US,PA_Butler_County,90,356,13,,,,,,
2020-07-07,US,PA_Butler_County,91,370,13,,,,,,
2020-07-08,US,PA_Butler_County,92,390,13,,,,,,
2020-07-09,US,PA_Butler_County,93,396,13,,,,,,
2020-07-10,US,PA_Butler_County,94,403,13,,,,,,
2020-07-11,US,PA_Butler_County,95,410,13,,,,,,
2020-07-12,US,PA_Butler_County,96,421,13,,,,,,
2020-07-13,US,PA_Butler_County,97,429,13,,,,,,
2020-07-14,US,PA_Butler_County,98,444,13,,,,,,
2020-07-15,US,PA_Butler_County,99,444,13,,,,,,
2020-07-16,US,PA_Butler_County,100,456,13,,,,,,
2020-07-17,US,PA_Butler_County,101,465,13,,,,,,
2020-07-18,US,PA_Butler_County,102,474,13,,,,,,
2020-07-19,US,PA_Butler_County,103,479,13,,,,,,
2020-07-20,US,PA_Butler_County,104,481,13,,,,,,
2020-07-21,US,PA_Butler_County,105,508,14,,,,,,
2020-07-22,US,PA_Butler_County,106,513,14,,,,,,
2020-07-23,US,PA_Butler_County,107,519,14,,,,,,
2020-07-24,US,PA_Butler_County,108,535,14,,,,,,
2020-07-25,US,PA_Butler_County,109,544,14,,,,,,
2020-07-26,US,PA_Butler_County,110,556,14,,,,,,
2020-07-27,US,PA_Butler_County,111,562,14,,,,,,
2020-07-28,US,PA_Butler_County,112,577,14,,,,,,
2020-07-29,US,PA_Butler_County,113,586,15,,,,,,
2020-07-30,US,PA_Butler_County,114,593,15,,,,,,
2020-07-31,US,PA_Butler_County,115,597,15,,,,,,
2020-08-01,US,PA_Butler_County,116,600,15,,,,,,
2020-08-02,US,PA_Butler_County,117,602,15,,,,,,
2020-08-03,US,PA_Butler_County,118,605,15,,,,,,
2020-08-04,US,PA_Butler_County,119,615,15,,,,,,
2020-08-05,US,PA_Butler_County,120,624,15,,,,,,
2020-08-06,US,PA_Butler_County,121,637,15,,,,,,
2020-08-07,US,PA_Butler_County,122,645,15,,,,,,
2020-08-08,US,PA_Butler_County,123,656,15,,,,,,
2020-08-09,US,PA_Butler_County,124,661,15,,,,,,
2020-08-10,US,PA_Butler_County,125,671,15,,,,,,
2020-08-11,US,PA_Butler_County,126,677,15,,,,,,
2020-08-12,US,PA_Butler_County,127,695,16,,,,,,
2020-08-13,US,PA_Butler_County,128,707,16,,,,,,
2020-08-14,US,PA_Butler_County,129,710,17,,,,,,
2020-08-15,US,PA_Butler_County,130,712,17,,,,,,
2020-08-16,US,PA_Butler_County,131,718,17,,,,,,
2020-08-17,US,PA_Butler_County,132,723,17,,,,,,
2020-08-18,US,PA_Butler_County,133,729,17,,,,,,
2020-08-19,US,PA_Butler_County,134,732,17,,,,,,
2020-08-20,US,PA_Butler_County,135,737,17,,,,,,
2020-08-21,US,PA_Butler_County,136,740,17,,,,,,
2020-08-22,US,PA_Butler_County,137,744,17,,,,,,
2020-08-23,US,PA_Butler_County,138,745,17,,,,,,
2020-08-24,US,PA_Butler_County,139,745,17,,,,,,
2020-08-25,US,PA_Butler_County,140,750,17,,,,,,
2020-08-26,US,PA_Butler_County,141,757,18,,,,,,
2020-08-27,US,PA_Butler_County,142,760,18,,,,,,
2020-08-28,US,PA_Butler_County,143,767,18,,,,,,
2020-08-29,US,PA_Butler_County,144,778,18,,,,,,
2020-08-30,US,PA_Butler_County,145,780,18,,,,,,
2020-08-31,US,PA_Butler_County,146,785,18,,,,,,
2020-09-01,US,PA_Butler_County,147,789,18,,,,,,
2020-09-02,US,PA_Butler_County,148,801,19,,,,,,
2020-09-03,US,PA_Butler_County,149,821,19,,,,,,
2020-09-04,US,PA_Butler_County,150,833,19,,,,,,
2020-09-05,US,PA_Butler_County,151,864,19,,,,,,
2020-09-06,US,PA_Butler_County,152,870,19,,,,,,
2020-09-07,US,PA_Butler_County,153,879,19,,,,,,
2020-09-08,US,PA_Butler_County,154,880,19,,,,,,
2020-09-09,US,PA_Butler_County,155,904,21,,,,,,
2020-09-10,US,PA_Butler_County,156,913,21,,,,,,
2020-09-11,US,PA_Butler_County,157,923,21,,,,,,
2020-09-12,US,PA_Butler_County,158,932,21,,,,,,
2020-09-13,US,PA_Butler_County,159,932,21,,,,,,
2020-09-14,US,PA_Butler_County,160,938,21,,,,,,
2020-09-15,US,PA_Butler_County,161,945,21,,,,,,
2020-09-16,US,PA_Butler_County,162,956,22,,,,,,
2020-09-17,US,PA_Butler_County,163,966,22,,,,,,
2020-09-18,US,PA_Butler_County,164,976,22,,,,,,
2020-09-19,US,PA_Butler_County,165,983,22,,,,,,
2020-09-20,US,PA_Butler_County,166,996,22,,,,,,
2020-09-21,US,PA_Butler_County,167,1001,22,,,,,,
2020-09-22,US,PA_Butler_County,168,1018,22,,,,,,
2020-09-23,US,PA_Butler_County,169,1024,23,,,,,,
2020-09-24,US,PA_Butler_County,170,1030,23,,,,,,
2020-09-25,US,PA_Butler_County,171,1034,23,,,,,,
2020-09-26,US,PA_Butler_County,172,1045,25,,,,,,
2020-09-27,US,PA_Butler_County,173,1049,25,,,,,,
2020-09-28,US,PA_Butler_County,174,1052,25,,,,,,
2020-09-29,US,PA_Butler_County,175,1059,25,,,,,,
2020-09-30,US,PA_Butler_County,176,1074,25,,,,,,
2020-10-01,US,PA_Butler_County,177,1082,25,,,,,,
2020-10-02,US,PA_Butler_County,178,1101,25,,,,,,
2020-10-03,US,PA_Butler_County,179,1101,25,,,,,,
2020-10-04,US,PA_Butler_County,180,1128,25,,,,,,
2020-10-05,US,PA_Butler_County,181,1136,25,,,,,,
2020-10-06,US,PA_Butler_County,182,1150,25,,,,,,
2020-10-07,US,PA_Butler_County,183,1175,25,,,,,,
2020-10-08,US,PA_Butler_County,184,1199,25,,,,,,
2020-10-09,US,PA_Butler_County,185,1222,25,,,,,,
2020-10-10,US,PA_Butler_County,186,1250,25,,,,,,
2020-10-11,US,PA_Butler_County,187,1264,25,,,,,,
2020-10-12,US,PA_Butler_County,188,1273,25,,,,,,
2020-10-13,US,PA_Butler_County,189,1298,25,,,,,,
2020-10-14,US,PA_Butler_County,190,1319,25,,,,,,
2020-10-15,US,PA_Butler_County,191,1346,25,,,,,,
2020-10-16,US,PA_Butler_County,192,1365,26,,,,,,
2020-10-17,US,PA_Butler_County,193,1388,26,,,,,,
2020-10-18,US,PA_Butler_County,194,1413,27,,,,,,
2020-10-19,US,PA_Butler_County,195,1418,27,,,,,,
2020-10-20,US,PA_Butler_County,196,1438,27,,,,,,
2020-10-21,US,PA_Butler_County,197,1463,27,,,,,,
2020-10-22,US,PA_Butler_County,198,1504,27,,,,,,
2020-10-23,US,PA_Butler_County,199,1555,27,,,,,,
2020-10-24,US,PA_Butler_County,200,1579,27,,,,,,
2020-10-25,US,PA_Butler_County,201,1602,27,,,,,,
2020-10-26,US,PA_Butler_County,202,1623,27,,,,,,
2020-10-27,US,PA_Butler_County,203,1661,28,,,,,,
2020-10-28,US,PA_Butler_County,204,1701,28,,,,,,
2020-10-29,US,PA_Butler_County,205,1746,28,,,,,,
2020-10-30,US,PA_Butler_County,206,1794,28,,,,,,
2020-10-31,US,PA_Butler_County,207,1840,28,,,,,,
2020-11-01,US,PA_Butler_County,208,1892,28,,,,,,
2020-11-02,US,PA_Butler_County,209,1961,28,,,,,,
2020-11-03,US,PA_Butler_County,210,1996,28,,,,,,
2020-11-04,US,PA_Butler_County,211,2019,30,,,,,,
2020-11-05,US,PA_Butler_County,212,2036,31,,,,,,
2020-11-06,US,PA_Butler_County,213,2102,31,,,,,,
2020-11-07,US,PA_Butler_County,214,2226,32,,,,,,
2020-11-08,US,PA_Butler_County,215,2308,32,,,,,,
2020-11-09,US,PA_Butler_County,216,2375,32,,,,,,
2020-11-10,US,PA_Butler_County,217,2476,35,,,,,,
2020-11-11,US,PA_Butler_County,218,2566,39,,,,,,
2020-11-12,US,PA_Butler_County,219,2659,40,,,,,,
2020-11-13,US,PA_Butler_County,220,2728,41,,,,,,
2020-11-14,US,PA_Butler_County,221,2829,43,,,,,,
2020-11-15,US,PA_Butler_County,222,2901,44,,,,,,
2020-11-16,US,PA_Butler_County,223,2983,46,,,,,,
2020-11-17,US,PA_Butler_County,224,3108,46,,,,,,
2020-11-18,US,PA_Butler_County,225,3218,48,,,,,,
2020-11-19,US,PA_Butler_County,226,3313,52,,,,,,
2020-11-20,US,PA_Butler_County,227,3426,54,,,,,,
2020-11-21,US,PA_Butler_County,228,3536,55,,,,,,
2020-11-22,US,PA_Butler_County,229,3638,56,,,,,,
2020-11-23,US,PA_Butler_County,230,3681,57,,,,,,
2020-11-24,US,PA_Butler_County,231,3813,63,,,,,,
2020-11-25,US,PA_Butler_County,232,4032,69,,,,,,
2020-11-26,US,PA_Butler_County,233,4146,70,,,,,,
2020-11-27,US,PA_Butler_County,234,4246,70,,,,,,
2020-11-28,US,PA_Butler_County,235,4355,71,,,,,,
2020-11-29,US,PA_Butler_County,236,4484,74,,,,,,
2020-11-30,US,PA_Butler_County,237,4532,75,,,,,,
2020-12-01,US,PA_Butler_County,238,4665,80,,,,,,
2020-12-02,US,PA_Butler_County,239,4750,82,,,,,,
2020-12-03,US,PA_Butler_County,240,4894,82,,,,,,
2020-12-04,US,PA_Butler_County,241,5087,85,,,,,,
2020-12-05,US,PA_Butler_County,242,5255,92,,,,,,
2020-12-06,US,PA_Butler_County,243,5368,92,,,,,,
2020-12-07,US,PA_Butler_County,244,5462,95,,,,,,
2020-12-08,US,PA_Butler_County,245,5530,99,,,,,,
2020-12-09,US,PA_Butler_County,246,5702,104,,,,,,
2020-12-10,US,PA_Butler_County,247,5905,110,,,,,,
2020-12-11,US,PA_Butler_County,248,6150,117,,,,,,
2020-12-12,US,PA_Butler_County,249,6320,123,,,,,,
2020-12-13,US,PA_Butler_County,250,6533,124,,,,,,
2020-12-14,US,PA_Butler_County,251,6643,125,,,,,,
2020-12-15,US,PA_Butler_County,252,6820,132,,,,,,
2020-12-16,US,PA_Butler_County,253,7036,136,,,,,,
2020-12-17,US,PA_Butler_County,254,7172,139,,,,,,
2020-12-18,US,PA_Butler_County,255,7352,142,,,,,,
2020-12-19,US,PA_Butler_County,256,7577,146,,,,,,
2020-12-20,US,PA_Butler_County,257,7709,146,,,,,,
2020-12-21,US,PA_Butler_County,258,7853,147,,,,,,
2020-12-22,US,PA_Butler_County,259,7997,150,,,,,,
2020-12-23,US,PA_Butler_County,260,8198,156,,,,,,
2020-12-24,US,PA_Butler_County,261,8357,165,,,,,,
2020-12-25,US,PA_Butler_County,262,8481,170,,,,,,
2020-12-26,US,PA_Butler_County,263,8635,171,,,,,,
2020-12-27,US,PA_Butler_County,264,8716,174,,,,,,
2020-12-28,US,PA_Butler_County,265,8760,174,,,,,,
2020-12-29,US,PA_Butler_County,266,9003,179,,,,,,
2020-12-30,US,PA_Butler_County,267,9191,185,,,,,,
2020-12-31,US,PA_Butler_County,268,9361,194,,,,,,
2021-01-01,US,PA_Butler_County,269,9442,201,,,,,,
2021-01-02,US,PA_Butler_County,270,9644,202,,,,,,
2021-01-03,US,PA_Butler_County,271,9746,203,,,,,,
2021-01-04,US,PA_Butler_County,272,9850,204,,,,,,
2021-01-05,US,PA_Butler_County,273,9997,208,,,,,,
2021-01-06,US,PA_Butler_County,274,10212,216,,,,,,
2021-01-07,US,PA_Butler_County,275,10349,225,,,,,,
2021-01-08,US,PA_Butler_County,276,10557,233,,,,,,
2021-01-09,US,PA_Butler_County,277,10757,242,,,,,,
2021-01-10,US,PA_Butler_County,278,10863,246,,,,,,
2021-01-11,US,PA_Butler_County,279,10937,252,,,,,,
2021-01-12,US,PA_Butler_County,280,11056,256,,,,,,
2021-01-13,US,PA_Butler_County,281,11222,265,,,,,,
2021-01-14,US,PA_Butler_County,282,11338,271,,,,,,
2021-01-15,US,PA_Butler_County,283,11439,278,,,,,,
2021-01-16,US,PA_Butler_County,284,11596,288,,,,,,
2021-01-17,US,PA_Butler_County,285,11699,289,,,,,,
2021-01-18,US,PA_Butler_County,286,11757,289,,,,,,
2021-01-19,US,PA_Butler_County,287,11854,290,,,,,,
2021-01-20,US,PA_Butler_County,288,11948,297,,,,,,
2021-01-21,US,PA_Butler_County,289,12040,299,,,,,,
2021-01-22,US,PA_Butler_County,290,12112,306,,,,,,
2021-01-23,US,PA_Butler_County,291,12195,308,,,,,,
2021-01-24,US,PA_Butler_County,292,12263,311,,,,,,
2021-01-25,US,PA_Butler_County,293,12327,311,,,,,,
2021-01-26,US,PA_Butler_County,294,12399,312,,,,,,
2021-01-27,US,PA_Butler_County,295,12489,317,,,,,,
2021-01-28,US,PA_Butler_County,296,12566,322,,,,,,
2021-01-29,US,PA_Butler_County,297,12651,325,,,,,,
2021-01-30,US,PA_Butler_County,298,12695,327,,,,,,
2021-01-31,US,PA_Butler_County,299,12736,327,,,,,,
2021-02-01,US,PA_Butler_County,300,12773,328,,,,,,
2021-02-02,US,PA_Butler_County,301,12852,330,,,,,,
2021-02-03,US,PA_Butler_County,302,12906,335,,,,,,
2021-02-04,US,PA_Butler_County,303,12974,337,,,,,,
2021-02-05,US,PA_Butler_County,304,13022,338,,,,,,
2021-02-06,US,PA_Butler_County,305,13083,341,,,,,,
2021-02-07,US,PA_Butler_County,306,13121,341,,,,,,
2021-02-08,US,PA_Butler_County,307,13150,344,,,,,,
2021-02-09,US,PA_Butler_County,308,13215,346,,,,,,
2021-02-10,US,PA_Butler_County,309,13268,349,,,,,,
2021-02-11,US,PA_Butler_County,310,13328,350,,,,,,
2021-02-12,US,PA_Butler_County,311,13351,352,,,,,,
2021-02-13,US,PA_Butler_County,312,13392,354,,,,,,
2021-02-14,US,PA_Butler_County,313,13432,354,,,,,,
2021-02-15,US,PA_Butler_County,314,13456,354,,,,,,
2021-02-16,US,PA_Butler_County,315,13489,354,,,,,,
2021-02-17,US,PA_Butler_County,316,13530,356,,,,,,
2021-02-18,US,PA_Butler_County,317,13569,360,,,,,,
2021-02-19,US,PA_Butler_County,318,13616,360,,,,,,
2021-02-20,US,PA_Butler_County,319,13656,363,,,,,,
2021-02-21,US,PA_Butler_County,320,13693,363,,,,,,
2021-02-22,US,PA_Butler_County,321,13705,363,,,,,,
2021-02-23,US,PA_Butler_County,322,13741,365,,,,,,
2021-02-24,US,PA_Butler_County,323,13789,365,,,,,,
2021-02-25,US,PA_Butler_County,324,13815,367,,,,,,
2021-02-26,US,PA_Butler_County,325,13851,368,,,,,,
2021-02-27,US,PA_Butler_County,326,13893,368,,,,,,
2021-02-28,US,PA_Butler_County,327,13916,369,,,,,,
2021-03-01,US,PA_Butler_County,328,13939,369,,,,,,
2021-03-02,US,PA_Butler_County,329,13978,369,,,,,,
2021-03-03,US,PA_Butler_County,330,14013,369,,,,,,
2021-03-04,US,PA_Butler_County,331,14049,369,,,,,,
2021-03-05,US,PA_Butler_County,332,14085,371,,,,,,
2021-03-06,US,PA_Butler_County,333,14106,372,,,,,,
2021-03-07,US,PA_Butler_County,334,14121,372,,,,,,
2021-03-08,US,PA_Butler_County,335,14141,372,,,,,,
2021-03-09,US,PA_Butler_County,336,14192,372,,,,,,
2021-03-10,US,PA_Butler_County,337,14240,374,,,,,,
2021-03-11,US,PA_Butler_County,338,14296,375,,,,,,
2021-03-12,US,PA_Butler_County,339,14341,375,,,,,,
2021-03-13,US,PA_Butler_County,340,14405,375,,,,,,
2021-03-14,US,PA_Butler_County,341,14434,375,,,,,,
2021-03-15,US,PA_Butler_County,342,14445,375,,,,,,
2021-03-16,US,PA_Butler_County,343,14512,377,,,,,,
2021-03-17,US,PA_Butler_County,344,14545,377,,,,,,
2021-03-18,US,PA_Butler_County,345,14602,378,,,,,,
2021-03-19,US,PA_Butler_County,346,14645,381,,,,,,
2021-03-20,US,PA_Butler_County,347,14684,382,,,,,,
2021-03-21,US,PA_Butler_County,348,14708,382,,,,,,
2021-03-22,US,PA_Butler_County,349,14730,382,,,,,,
2021-03-23,US,PA_Butler_County,350,14795,383,,,,,,
2021-03-24,US,PA_Butler_County,351,14869,383,,,,,,
2021-03-25,US,PA_Butler_County,352,14902,383,,,,,,
2021-03-26,US,PA_Butler_County,353,14976,384,,,,,,
2021-03-27,US,PA_Butler_County,354,15138,384,,,,,,
2021-03-28,US,PA_Butler_County,355,15138,384,,,,,,
2021-03-29,US,PA_Butler_County,356,15138,384,,,,,,
2021-03-30,US,PA_Butler_County,357,15183,386,,,,,,
2021-03-31,US,PA_Butler_County,358,15262,386,,,,,,
2021-04-01,US,PA_Butler_County,359,15303,386,,,,,,
2021-04-02,US,PA_Butler_County,360,15371,386,,,,,,
2021-04-03,US,PA_Butler_County,361,15451,386,,,,,,
2021-04-04,US,PA_Butler_County,362,15482,386,,,,,,
2021-04-05,US,PA_Butler_County,363,15513,386,,,,,,
2021-04-06,US,PA_Butler_County,364,15568,388,,,,,,
2021-04-07,US,PA_Butler_County,365,15638,389,,,,,,
2021-04-08,US,PA_Butler_County,366,15715,389,,,,,,
2021-04-09,US,PA_Butler_County,367,15797,389,,,,,,
2021-04-10,US,PA_Butler_County,368,15849,390,,,,,,
2021-04-11,US,PA_Butler_County,369,15899,390,,,,,,
2021-04-12,US,PA_Butler_County,370,15921,390,,,,,,
2021-04-13,US,PA_Butler_County,371,15968,392,,,,,,
2021-04-14,US,PA_Butler_County,372,16049,395,,,,,,
2021-04-15,US,PA_Butler_County,373,16099,398,,,,,,
2021-04-16,US,PA_Butler_County,374,16153,398,,,,,,
2021-04-17,US,PA_Butler_County,375,16256,399,,,,,,
2021-04-18,US,PA_Butler_County,376,16268,400,,,,,,
2021-04-19,US,PA_Butler_County,377,16290,400,,,,,,
2021-04-20,US,PA_Butler_County,378,16338,400,,,,,,
2021-04-21,US,PA_Butler_County,379,16387,401,,,,,,
2021-04-22,US,PA_Butler_County,380,16421,402,,,,,,
